137 14
4 0.000000000000000e+00 1.000000000000000e+00 1
6 0.000000000000000e+00 5.000000000000000e-01 1
11 2.500000000000000e-01 7.500000000000000e-01 1
14 2.500000000000000e-01 5.000000000000000e-01 1
20 0.000000000000000e+00 7.500000000000000e-01 1
21 2.500000000000000e-01 1.000000000000000e+00 1
26 1.250000000000000e-01 3.750000000000000e-01 2
27 3.750000000000000e-01 8.750000000000000e-01 1
30 1.250000000000000e-01 6.250000000000000e-01 1
35 1.250000000000000e-01 8.750000000000000e-01 1
38 3.750000000000000e-01 6.250000000000000e-01 1
43 3.750000000000000e-01 7.500000000000000e-01 2
46 1.250000000000000e-01 5.000000000000000e-01 1
52 0.000000000000000e+00 6.250000000000000e-01 1
53 2.500000000000000e-01 8.750000000000000e-01 1
58 2.500000000000000e-01 6.250000000000000e-01 1
64 1.250000000000000e-01 7.500000000000000e-01 1
67 0.000000000000000e+00 3.750000000000000e-01 2
68 3.750000000000000e-01 1.000000000000000e+00 1
74 0.000000000000000e+00 8.750000000000000e-01 1
75 1.250000000000000e-01 1.000000000000000e+00 1
82 1.875000000000000e-01 4.375000000000000e-01 2
86 1.875000000000000e-01 5.625000000000000e-01 1
92 6.250000000000000e-02 5.625000000000000e-01 1
93 1.875000000000000e-01 9.375000000000000e-01 1
98 3.125000000000000e-01 5.625000000000000e-01 1
108 1.875000000000000e-01 8.125000000000000e-01 1
109 3.125000000000000e-01 9.375000000000000e-01 1
114 1.875000000000000e-01 6.875000000000000e-01 1
120 6.250000000000000e-02 8.125000000000000e-01 1
121 6.250000000000000e-02 9.375000000000000e-01 1
129 3.125000000000000e-01 6.875000000000000e-01 1
130 3.125000000000000e-01 8.125000000000000e-01 1
135 6.250000000000000e-02 4.375000000000000e-01 1
136 4.375000000000000e-01 9.375000000000000e-01 2
140 6.250000000000000e-02 6.875000000000000e-01 1
147 3.750000000000000e-01 8.125000000000000e-01 1
150 1.250000000000000e-01 5.625000000000000e-01 1
156 6.250000000000000e-02 6.250000000000000e-01 1
157 1.875000000000000e-01 8.750000000000000e-01 1
162 3.125000000000000e-01 6.250000000000000e-01 1
172 1.250000000000000e-01 8.125000000000000e-01 1
173 2.500000000000000e-01 9.375000000000000e-01 1
179 1.250000000000000e-01 4.375000000000000e-01 1
180 3.125000000000000e-01 1.000000000000000e+00 1
181 4.375000000000000e-01 8.750000000000000e-01 2
186 1.875000000000000e-01 7.500000000000000e-01 1
187 1.875000000000000e-01 6.250000000000000e-01 1
196 6.250000000000000e-02 8.750000000000000e-01 1
197 1.250000000000000e-01 9.375000000000000e-01 1
203 3.750000000000000e-01 5.625000000000000e-01 2
210 3.750000000000000e-01 6.875000000000000e-01 2
211 3.125000000000000e-01 7.500000000000000e-01 1
218 0.000000000000000e+00 6.875000000000000e-01 1
219 2.500000000000000e-01 8.125000000000000e-01 1
224 2.500000000000000e-01 6.875000000000000e-01 1
229 6.250000000000000e-02 7.500000000000000e-01 1
232 6.250000000000000e-02 3.750000000000000e-01 2
233 3.750000000000000e-01 9.375000000000000e-01 1
238 4.375000000000000e-01 6.250000000000000e-01 3
241 1.875000000000000e-01 5.000000000000000e-01 1
242 2.500000000000000e-01 4.375000000000000e-01 2
246 2.500000000000000e-01 5.625000000000000e-01 1
252 6.250000000000000e-02 5.000000000000000e-01 1
253 0.000000000000000e+00 5.625000000000000e-01 1
254 1.875000000000000e-01 1.000000000000000e+00 1
261 3.125000000000000e-01 5.000000000000000e-01 2
265 3.125000000000000e-01 8.750000000000000e-01 1
268 1.250000000000000e-01 6.875000000000000e-01 1
275 0.000000000000000e+00 8.125000000000000e-01 1
276 0.000000000000000e+00 9.375000000000000e-01 1
277 6.250000000000000e-02 1.000000000000000e+00 1
285 0.000000000000000e+00 4.375000000000000e-01 1
286 4.375000000000000e-01 1.000000000000000e+00 2
291 4.062500000000000e-01 7.812500000000000e-01 2
294 1.562500000000000e-01 5.312500000000000e-01 1
300 3.125000000000000e-02 5.937500000000000e-01 1
301 2.187500000000000e-01 9.062500000000000e-01 1
306 2.812500000000000e-01 5.937500000000000e-01 1
316 1.562500000000000e-01 7.812500000000000e-01 1
317 2.812500000000000e-01 9.062500000000000e-01 1
323 1.562500000000000e-01 4.062500000000000e-01 1
324 2.812500000000000e-01 9.687500000000000e-01 1
325 4.062500000000000e-01 8.437500000000000e-01 1
330 1.562500000000000e-01 7.187500000000000e-01 1
331 1.562500000000000e-01 5.937500000000000e-01 1
340 3.125000000000000e-02 8.437500000000000e-01 1
341 9.375000000000000e-02 9.687500000000000e-01 1
347 3.437500000000000e-01 5.937500000000000e-01 1
355 3.437500000000000e-01 7.187500000000000e-01 1
356 3.437500000000000e-01 7.812500000000000e-01 1
361 9.375000000000000e-02 4.062500000000000e-01 1
362 9.375000000000000e-02 5.312500000000000e-01 1
363 4.062500000000000e-01 9.062500000000000e-01 1
371 3.125000000000000e-02 6.562500000000000e-01 1
372 2.812500000000000e-01 7.812500000000000e-01 1
373 2.187500000000000e-01 8.437500000000000e-01 1
380 2.187500000000000e-01 7.187500000000000e-01 1
381 2.812500000000000e-01 6.562500000000000e-01 1
382 4.062500000000000e-01 5.937500000000000e-01 1
392 3.125000000000000e-02 7.187500000000000e-01 1
393 9.375000000000000e-02 7.812500000000000e-01 1
401 3.125000000000000e-02 9.062500000000000e-01 1
402 1.562500000000000e-01 9.687500000000000e-01 1
409 1.562500000000000e-01 4.687500000000000e-01 1
410 2.187500000000000e-01 4.687500000000000e-01 1
414 2.187500000000000e-01 5.937500000000000e-01 1
419 3.125000000000000e-02 5.312500000000000e-01 1
422 3.437500000000000e-01 5.312500000000000e-01 1
423 2.812500000000000e-01 4.687500000000000e-01 1
425 4.062500000000000e-01 6.562500000000000e-01 1
431 2.187500000000000e-01 7.812500000000000e-01 1
432 3.437500000000000e-01 9.062500000000000e-01 1
437 1.562500000000000e-01 6.562500000000000e-01 1
443 3.125000000000000e-02 7.812500000000000e-01 1
444 3.125000000000000e-02 9.687500000000000e-01 1
453 2.812500000000000e-01 7.187500000000000e-01 1
454 3.437500000000000e-01 8.437500000000000e-01 1
459 3.125000000000000e-02 4.062500000000000e-01 1
460 9.375000000000000e-02 4.687500000000000e-01 1
461 4.062500000000000e-01 9.687500000000000e-01 1
462 4.687500000000000e-01 9.062500000000000e-01 2
468 9.375000000000000e-02 6.562500000000000e-01 1
477 9.375000000000000e-02 5.937500000000000e-01 1
483 1.562500000000000e-01 8.437500000000000e-01 1
484 1.562500000000000e-01 9.062500000000000e-01 1
489 3.437500000000000e-01 6.562500000000000e-01 1
498 9.375000000000000e-02 8.437500000000000e-01 1
499 2.187500000000000e-01 9.687500000000000e-01 1
505 3.437500000000000e-01 9.687500000000000e-01 1
508 2.187500000000000e-01 6.562500000000000e-01 1
514 9.375000000000000e-02 9.062500000000000e-01 1
527 2.812500000000000e-01 8.437500000000000e-01 1
531 9.375000000000000e-02 7.187500000000000e-01 1
537 2.187500000000000e-01 5.312500000000000e-01 1
540 2.812500000000000e-01 5.312500000000000e-01 1
542 3.125000000000000e-02 4.687500000000000e-01 1
47 5.000000000000000e-01 8.750000000000000e-01 2
59 3.750000000000000e-01 5.000000000000000e-01 2
83 4.375000000000000e-01 8.125000000000000e-01 2
99 3.125000000000000e-01 4.375000000000000e-01 2
101 4.375000000000000e-01 6.875000000000000e-01 2
143 4.375000000000000e-01 5.625000000000000e-01 2
146 1.875000000000000e-01 3.750000000000000e-01 2
165 4.375000000000000e-01 7.500000000000000e-01 2
255 5.000000000000000e-01 9.375000000000000e-01 2
290 2.187500000000000e-01 4.062500000000000e-01 2
309 4.062500000000000e-01 7.187500000000000e-01 2
430 9.375000000000000e-02 3.437500000000000e-01 2
504 3.125000000000000e-02 3.437500000000000e-01 2
543 4.687500000000000e-01 9.687500000000000e-01 2
122 29
4 0.000000000000000e+00 1.000000000000000e+00 1
6 0.000000000000000e+00 5.000000000000000e-01 1
11 2.500000000000000e-01 7.500000000000000e-01 1
14 2.500000000000000e-01 5.000000000000000e-01 1
20 0.000000000000000e+00 7.500000000000000e-01 1
21 2.500000000000000e-01 1.000000000000000e+00 1
27 3.750000000000000e-01 8.750000000000000e-01 1
30 1.250000000000000e-01 6.250000000000000e-01 1
35 1.250000000000000e-01 8.750000000000000e-01 1
38 3.750000000000000e-01 6.250000000000000e-01 1
46 1.250000000000000e-01 5.000000000000000e-01 1
52 0.000000000000000e+00 6.250000000000000e-01 1
53 2.500000000000000e-01 8.750000000000000e-01 1
58 2.500000000000000e-01 6.250000000000000e-01 1
64 1.250000000000000e-01 7.500000000000000e-01 1
68 3.750000000000000e-01 1.000000000000000e+00 1
74 0.000000000000000e+00 8.750000000000000e-01 1
75 1.250000000000000e-01 1.000000000000000e+00 1
86 1.875000000000000e-01 5.625000000000000e-01 1
92 6.250000000000000e-02 5.625000000000000e-01 1
93 1.875000000000000e-01 9.375000000000000e-01 1
98 3.125000000000000e-01 5.625000000000000e-01 1
108 1.875000000000000e-01 8.125000000000000e-01 1
109 3.125000000000000e-01 9.375000000000000e-01 1
114 1.875000000000000e-01 6.875000000000000e-01 1
120 6.250000000000000e-02 8.125000000000000e-01 1
121 6.250000000000000e-02 9.375000000000000e-01 1
129 3.125000000000000e-01 6.875000000000000e-01 1
130 3.125000000000000e-01 8.125000000000000e-01 1
135 6.250000000000000e-02 4.375000000000000e-01 1
140 6.250000000000000e-02 6.875000000000000e-01 1
147 3.750000000000000e-01 8.125000000000000e-01 1
150 1.250000000000000e-01 5.625000000000000e-01 1
156 6.250000000000000e-02 6.250000000000000e-01 1
157 1.875000000000000e-01 8.750000000000000e-01 1
162 3.125000000000000e-01 6.250000000000000e-01 1
172 1.250000000000000e-01 8.125000000000000e-01 1
173 2.500000000000000e-01 9.375000000000000e-01 1
179 1.250000000000000e-01 4.375000000000000e-01 1
180 3.125000000000000e-01 1.000000000000000e+00 1
186 1.875000000000000e-01 7.500000000000000e-01 1
187 1.875000000000000e-01 6.250000000000000e-01 1
196 6.250000000000000e-02 8.750000000000000e-01 1
197 1.250000000000000e-01 9.375000000000000e-01 1
211 3.125000000000000e-01 7.500000000000000e-01 1
218 0.000000000000000e+00 6.875000000000000e-01 1
219 2.500000000000000e-01 8.125000000000000e-01 1
224 2.500000000000000e-01 6.875000000000000e-01 1
229 6.250000000000000e-02 7.500000000000000e-01 1
233 3.750000000000000e-01 9.375000000000000e-01 1
241 1.875000000000000e-01 5.000000000000000e-01 1
246 2.500000000000000e-01 5.625000000000000e-01 1
252 6.250000000000000e-02 5.000000000000000e-01 1
253 0.000000000000000e+00 5.625000000000000e-01 1
254 1.875000000000000e-01 1.000000000000000e+00 1
265 3.125000000000000e-01 8.750000000000000e-01 1
268 1.250000000000000e-01 6.875000000000000e-01 1
275 0.000000000000000e+00 8.125000000000000e-01 1
276 0.000000000000000e+00 9.375000000000000e-01 1
277 6.250000000000000e-02 1.000000000000000e+00 1
285 0.000000000000000e+00 4.375000000000000e-01 1
294 1.562500000000000e-01 5.312500000000000e-01 1
300 3.125000000000000e-02 5.937500000000000e-01 1
301 2.187500000000000e-01 9.062500000000000e-01 1
306 2.812500000000000e-01 5.937500000000000e-01 1
316 1.562500000000000e-01 7.812500000000000e-01 1
317 2.812500000000000e-01 9.062500000000000e-01 1
323 1.562500000000000e-01 4.062500000000000e-01 1
324 2.812500000000000e-01 9.687500000000000e-01 1
325 4.062500000000000e-01 8.437500000000000e-01 1
330 1.562500000000000e-01 7.187500000000000e-01 1
331 1.562500000000000e-01 5.937500000000000e-01 1
340 3.125000000000000e-02 8.437500000000000e-01 1
341 9.375000000000000e-02 9.687500000000000e-01 1
347 3.437500000000000e-01 5.937500000000000e-01 1
355 3.437500000000000e-01 7.187500000000000e-01 1
356 3.437500000000000e-01 7.812500000000000e-01 1
361 9.375000000000000e-02 4.062500000000000e-01 1
362 9.375000000000000e-02 5.312500000000000e-01 1
363 4.062500000000000e-01 9.062500000000000e-01 1
371 3.125000000000000e-02 6.562500000000000e-01 1
372 2.812500000000000e-01 7.812500000000000e-01 1
373 2.187500000000000e-01 8.437500000000000e-01 1
380 2.187500000000000e-01 7.187500000000000e-01 1
381 2.812500000000000e-01 6.562500000000000e-01 1
382 4.062500000000000e-01 5.937500000000000e-01 1
392 3.125000000000000e-02 7.187500000000000e-01 1
393 9.375000000000000e-02 7.812500000000000e-01 1
401 3.125000000000000e-02 9.062500000000000e-01 1
402 1.562500000000000e-01 9.687500000000000e-01 1
409 1.562500000000000e-01 4.687500000000000e-01 1
410 2.187500000000000e-01 4.687500000000000e-01 1
414 2.187500000000000e-01 5.937500000000000e-01 1
419 3.125000000000000e-02 5.312500000000000e-01 1
422 3.437500000000000e-01 5.312500000000000e-01 1
423 2.812500000000000e-01 4.687500000000000e-01 1
425 4.062500000000000e-01 6.562500000000000e-01 1
431 2.187500000000000e-01 7.812500000000000e-01 1
432 3.437500000000000e-01 9.062500000000000e-01 1
437 1.562500000000000e-01 6.562500000000000e-01 1
443 3.125000000000000e-02 7.812500000000000e-01 1
444 3.125000000000000e-02 9.687500000000000e-01 1
453 2.812500000000000e-01 7.187500000000000e-01 1
454 3.437500000000000e-01 8.437500000000000e-01 1
459 3.125000000000000e-02 4.062500000000000e-01 1
460 9.375000000000000e-02 4.687500000000000e-01 1
461 4.062500000000000e-01 9.687500000000000e-01 1
468 9.375000000000000e-02 6.562500000000000e-01 1
477 9.375000000000000e-02 5.937500000000000e-01 1
483 1.562500000000000e-01 8.437500000000000e-01 1
484 1.562500000000000e-01 9.062500000000000e-01 1
489 3.437500000000000e-01 6.562500000000000e-01 1
498 9.375000000000000e-02 8.437500000000000e-01 1
499 2.187500000000000e-01 9.687500000000000e-01 1
505 3.437500000000000e-01 9.687500000000000e-01 1
508 2.187500000000000e-01 6.562500000000000e-01 1
514 9.375000000000000e-02 9.062500000000000e-01 1
527 2.812500000000000e-01 8.437500000000000e-01 1
531 9.375000000000000e-02 7.187500000000000e-01 1
537 2.187500000000000e-01 5.312500000000000e-01 1
540 2.812500000000000e-01 5.312500000000000e-01 1
542 3.125000000000000e-02 4.687500000000000e-01 1
26 1.250000000000000e-01 3.750000000000000e-01 2
43 3.750000000000000e-01 7.500000000000000e-01 2
47 5.000000000000000e-01 8.750000000000000e-01 2
59 3.750000000000000e-01 5.000000000000000e-01 2
67 0.000000000000000e+00 3.750000000000000e-01 2
82 1.875000000000000e-01 4.375000000000000e-01 2
83 4.375000000000000e-01 8.125000000000000e-01 2
99 3.125000000000000e-01 4.375000000000000e-01 2
101 4.375000000000000e-01 6.875000000000000e-01 2
136 4.375000000000000e-01 9.375000000000000e-01 2
143 4.375000000000000e-01 5.625000000000000e-01 2
146 1.875000000000000e-01 3.750000000000000e-01 2
165 4.375000000000000e-01 7.500000000000000e-01 2
181 4.375000000000000e-01 8.750000000000000e-01 2
203 3.750000000000000e-01 5.625000000000000e-01 2
210 3.750000000000000e-01 6.875000000000000e-01 2
232 6.250000000000000e-02 3.750000000000000e-01 2
238 4.375000000000000e-01 6.250000000000000e-01 3
242 2.500000000000000e-01 4.375000000000000e-01 2
255 5.000000000000000e-01 9.375000000000000e-01 2
261 3.125000000000000e-01 5.000000000000000e-01 2
286 4.375000000000000e-01 1.000000000000000e+00 2
290 2.187500000000000e-01 4.062500000000000e-01 2
291 4.062500000000000e-01 7.812500000000000e-01 2
309 4.062500000000000e-01 7.187500000000000e-01 2
430 9.375000000000000e-02 3.437500000000000e-01 2
462 4.687500000000000e-01 9.062500000000000e-01 2
504 3.125000000000000e-02 3.437500000000000e-01 2
543 4.687500000000000e-01 9.687500000000000e-01 2
255
83 147 291
86 150 294
300 92 156
93 157 301
162 306 98
108 172 316
317 109 173
82 179 323
180 324 109
83 181 325
186 330 114
86 187 331
340 120 196
341 121 197
98 203 347
129 210 355
130 211 356
361 26 179
150 362 46
363 27 181
140 218 371
372 130 219
157 373 53
380 114 224
162 381 58
382 38 203
392 140 229
172 393 64
26 361 232
27 363 233
196 401 74
197 402 75
38 382 238
241 409 82
242 410 82
246 414 86
294 241 86
252 46 362
253 419 92
254 75 402
301 173 93
261 422 98
306 246 98
14 242 423
38 238 425
26 232 430
11 219 431
316 186 108
27 233 432
265 27 432
30 187 437
268 30 437
20 229 443
275 20 443
276 74 401
277 444 121
11 224 453
355 211 129
27 265 454
356 147 130
285 459 135
46 252 460
286 461 136
30 268 468
371 156 140
82 323 146
27 454 147
83 325 147
477 92 150
86 331 150
30 468 156
92 477 156
483 108 157
484 35 157
489 129 162
98 347 162
498 120 172
108 483 172
499 93 173
109 324 173
46 460 179
82 409 179
505 68 180
47 462 181
11 431 186
114 380 186
508 114 187
86 414 187
514 121 196
120 498 196
35 484 197
121 514 197
98 422 203
38 425 210
129 489 210
11 453 211
130 372 211
140 392 218
53 373 219
527 53 219
58 381 224
114 508 224
64 393 229
531 64 229
67 504 232
135 459 232
68 505 233
136 461 233
537 86 241
82 410 241
82 290 242
540 98 246
86 537 246
542 135 252
92 419 252
92 300 253
93 499 254
14 423 261
98 540 261
53 527 265
109 317 265
64 531 268
114 330 268
120 340 275
121 444 276
121 341 277
135 542 285
136 543 286
43 165 291
147 43 291
46 241 294
150 46 294
52 253 300
156 52 300
53 173 301
157 53 301
58 246 306
162 58 306
43 210 309
64 186 316
172 64 316
53 265 317
173 53 317
26 146 323
179 26 323
21 173 324
180 21 324
27 147 325
181 27 325
64 268 330
186 64 330
30 150 331
187 30 331
74 275 340
196 74 340
75 277 341
197 75 341
38 162 347
203 38 347
43 211 355
210 43 355
43 147 356
211 43 356
135 232 361
179 135 361
92 252 362
150 92 362
136 233 363
181 136 363
52 156 371
218 52 371
11 211 372
219 11 372
108 219 373
157 108 373
11 186 380
224 11 380
129 224 381
162 129 381
143 238 382
203 143 382
20 218 392
229 20 392
120 229 393
172 120 393
121 276 401
196 121 401
93 254 402
197 93 402
46 179 409
241 46 409
14 241 410
242 14 410
58 187 414
246 58 414
6 252 419
253 6 419
59 203 422
261 59 422
99 261 423
242 99 423
101 210 425
238 101 425
108 186 431
219 108 431
109 265 432
233 109 432
114 268 437
187 114 437
120 275 443
229 120 443
4 276 444
277 4 444
129 211 453
224 129 453
130 147 454
265 130 454
67 232 459
285 67 459
135 179 460
252 135 460
68 233 461
286 68 461
136 181 462
255 136 462
140 156 468
268 140 468
30 156 477
150 30 477
35 172 483
157 35 483
93 197 484
157 93 484
38 210 489
162 38 489
35 196 498
172 35 498
21 254 499
173 21 499
109 233 505
180 109 505
58 224 508
187 58 508
35 197 514
196 35 514
130 265 527
219 130 527
140 268 531
229 140 531
14 246 537
241 14 537
14 261 540
246 14 540
6 285 542
252 6 542
17
254 75 2
275 20 2
276 74 2
68 180 2
52 253 2
180 21 2
74 275 2
75 277 2
218 52 2
20 218 2
253 6 2
4 276 2
277 4 2
285 67 2
286 68 2
21 254 2
6 285 2
