137 21
1 0.000000000000000e+00 0.000000000000000e+00 1
5 5.000000000000000e-01 5.000000000000000e-01 1
9 5.000000000000000e-01 0.000000000000000e+00 2
10 2.500000000000000e-01 2.500000000000000e-01 1
17 5.000000000000000e-01 2.500000000000000e-01 2
18 2.500000000000000e-01 0.000000000000000e+00 1
19 0.000000000000000e+00 2.500000000000000e-01 1
33 3.750000000000000e-01 1.250000000000000e-01 1
34 1.250000000000000e-01 1.250000000000000e-01 1
39 3.750000000000000e-01 3.750000000000000e-01 1
42 2.500000000000000e-01 3.750000000000000e-01 1
49 5.000000000000000e-01 1.250000000000000e-01 2
50 3.750000000000000e-01 0.000000000000000e+00 1
51 1.250000000000000e-01 2.500000000000000e-01 1
59 3.750000000000000e-01 5.000000000000000e-01 2
62 5.000000000000000e-01 3.750000000000000e-01 1
63 2.500000000000000e-01 1.250000000000000e-01 1
71 3.750000000000000e-01 2.500000000000000e-01 1
72 1.250000000000000e-01 0.000000000000000e+00 1
73 0.000000000000000e+00 1.250000000000000e-01 1
89 4.375000000000000e-01 1.875000000000000e-01 1
90 4.375000000000000e-01 6.250000000000000e-02 1
91 6.250000000000000e-02 1.875000000000000e-01 1
99 3.125000000000000e-01 4.375000000000000e-01 2
104 4.375000000000000e-01 4.375000000000000e-01 1
106 1.875000000000000e-01 1.875000000000000e-01 1
107 6.250000000000000e-02 3.125000000000000e-01 1
117 3.125000000000000e-01 1.875000000000000e-01 1
118 1.875000000000000e-01 6.250000000000000e-02 1
119 6.250000000000000e-02 6.250000000000000e-02 1
126 3.125000000000000e-01 3.125000000000000e-01 1
127 5.625000000000000e-01 4.375000000000000e-01 2
128 1.875000000000000e-01 3.125000000000000e-01 1
139 3.125000000000000e-01 6.250000000000000e-02 1
143 4.375000000000000e-01 5.625000000000000e-01 2
144 4.375000000000000e-01 3.125000000000000e-01 1
146 1.875000000000000e-01 3.750000000000000e-01 2
153 4.375000000000000e-01 1.250000000000000e-01 1
154 3.750000000000000e-01 6.250000000000000e-02 1
155 1.250000000000000e-01 1.875000000000000e-01 1
163 3.750000000000000e-01 4.375000000000000e-01 1
168 4.375000000000000e-01 3.750000000000000e-01 1
170 1.875000000000000e-01 1.250000000000000e-01 1
171 6.250000000000000e-02 2.500000000000000e-01 1
178 0.000000000000000e+00 3.125000000000000e-01 1
192 2.500000000000000e-01 1.875000000000000e-01 1
193 3.125000000000000e-01 2.500000000000000e-01 1
194 1.250000000000000e-01 6.250000000000000e-02 1
195 6.250000000000000e-02 1.250000000000000e-01 1
204 3.125000000000000e-01 3.750000000000000e-01 1
207 5.000000000000000e-01 4.375000000000000e-01 1
209 2.500000000000000e-01 3.125000000000000e-01 1
216 3.125000000000000e-01 0.000000000000000e+00 1
217 1.875000000000000e-01 2.500000000000000e-01 1
227 5.000000000000000e-01 3.125000000000000e-01 1
228 2.500000000000000e-01 6.250000000000000e-02 1
236 4.375000000000000e-01 2.500000000000000e-01 1
237 3.750000000000000e-01 1.875000000000000e-01 1
239 5.625000000000000e-01 5.000000000000000e-01 2
245 5.000000000000000e-01 1.875000000000000e-01 2
249 5.000000000000000e-01 6.250000000000000e-02 2
250 4.375000000000000e-01 0.000000000000000e+00 1
251 0.000000000000000e+00 1.875000000000000e-01 1
262 4.375000000000000e-01 5.000000000000000e-01 1
264 1.250000000000000e-01 3.125000000000000e-01 1
271 3.125000000000000e-01 1.250000000000000e-01 1
272 1.875000000000000e-01 0.000000000000000e+00 1
273 6.250000000000000e-02 0.000000000000000e+00 1
274 0.000000000000000e+00 6.250000000000000e-02 1
284 3.750000000000000e-01 3.125000000000000e-01 1
289 5.000000000000000e-01 5.625000000000000e-01 2
290 2.187500000000000e-01 4.062500000000000e-01 2
297 4.687500000000000e-01 1.562500000000000e-01 1
298 4.062500000000000e-01 3.125000000000000e-02 1
299 9.375000000000000e-02 2.187500000000000e-01 1
307 3.437500000000000e-01 4.687500000000000e-01 1
312 4.687500000000000e-01 4.062500000000000e-01 1
314 2.187500000000000e-01 1.562500000000000e-01 1
315 9.375000000000000e-02 2.812500000000000e-01 1
322 3.125000000000000e-02 2.812500000000000e-01 1
336 2.812500000000000e-01 1.562500000000000e-01 1
337 2.812500000000000e-01 2.187500000000000e-01 1
338 1.562500000000000e-01 3.125000000000000e-02 1
339 3.125000000000000e-02 9.375000000000000e-02 1
348 2.812500000000000e-01 2.812500000000000e-01 1
349 3.437500000000000e-01 4.062500000000000e-01 1
352 5.312500000000000e-01 4.062500000000000e-01 1
354 2.187500000000000e-01 2.812500000000000e-01 1
368 4.687500000000000e-01 9.375000000000000e-02 1
369 3.437500000000000e-01 3.125000000000000e-02 1
370 1.562500000000000e-01 2.187500000000000e-01 1
383 4.062500000000000e-01 4.687500000000000e-01 1
388 5.312500000000000e-01 2.812500000000000e-01 2
389 4.687500000000000e-01 2.812500000000000e-01 1
390 2.812500000000000e-01 3.125000000000000e-02 1
391 2.187500000000000e-01 9.375000000000000e-02 1
398 4.062500000000000e-01 1.562500000000000e-01 1
399 9.375000000000000e-02 3.125000000000000e-02 1
400 3.125000000000000e-02 1.562500000000000e-01 1
408 5.312500000000000e-01 4.687500000000000e-01 1
417 4.687500000000000e-01 2.187500000000000e-01 1
418 4.687500000000000e-01 3.125000000000000e-02 1
428 5.312500000000000e-01 3.437500000000000e-01 2
429 2.187500000000000e-01 2.187500000000000e-01 1
430 9.375000000000000e-02 3.437500000000000e-01 2
440 3.437500000000000e-01 1.562500000000000e-01 1
441 2.187500000000000e-01 3.125000000000000e-02 1
442 3.125000000000000e-02 3.125000000000000e-02 1
449 3.437500000000000e-01 3.437500000000000e-01 1
451 1.562500000000000e-01 3.437500000000000e-01 1
452 2.187500000000000e-01 3.437500000000000e-01 1
466 5.312500000000000e-01 9.375000000000000e-02 2
467 3.437500000000000e-01 9.375000000000000e-02 1
471 4.687500000000000e-01 5.937500000000000e-01 2
472 4.062500000000000e-01 5.312500000000000e-01 1
473 4.062500000000000e-01 3.437500000000000e-01 1
474 4.687500000000000e-01 3.437500000000000e-01 1
475 5.312500000000000e-01 5.312500000000000e-01 1
480 4.062500000000000e-01 9.375000000000000e-02 1
481 1.562500000000000e-01 1.562500000000000e-01 1
482 9.375000000000000e-02 1.562500000000000e-01 1
490 4.062500000000000e-01 4.062500000000000e-01 1
496 1.562500000000000e-01 9.375000000000000e-02 1
497 3.125000000000000e-02 2.187500000000000e-01 1
504 3.125000000000000e-02 3.437500000000000e-01 2
511 3.437500000000000e-01 2.812500000000000e-01 1
512 3.437500000000000e-01 2.187500000000000e-01 1
513 9.375000000000000e-02 9.375000000000000e-02 1
519 2.812500000000000e-01 3.437500000000000e-01 1
520 2.812500000000000e-01 4.062500000000000e-01 1
523 4.687500000000000e-01 4.687500000000000e-01 1
524 5.937500000000000e-01 4.687500000000000e-01 2
526 1.562500000000000e-01 2.812500000000000e-01 1
530 2.812500000000000e-01 9.375000000000000e-02 1
534 4.062500000000000e-01 2.187500000000000e-01 1
535 4.062500000000000e-01 2.812500000000000e-01 1
545 4.687500000000000e-01 5.312500000000000e-01 1
26 1.250000000000000e-01 3.750000000000000e-01 2
67 0.000000000000000e+00 3.750000000000000e-01 2
80 5.000000000000000e-01 6.250000000000000e-01 2
81 6.250000000000000e-01 5.000000000000000e-01 3
82 1.875000000000000e-01 4.375000000000000e-01 2
105 5.625000000000000e-01 3.125000000000000e-01 2
138 5.625000000000000e-01 6.250000000000000e-02 2
145 5.625000000000000e-01 5.625000000000000e-01 2
169 5.625000000000000e-01 2.500000000000000e-01 2
185 5.625000000000000e-01 1.250000000000000e-01 2
203 3.750000000000000e-01 5.625000000000000e-01 2
208 6.250000000000000e-01 4.375000000000000e-01 2
232 6.250000000000000e-02 3.750000000000000e-01 2
238 4.375000000000000e-01 6.250000000000000e-01 3
242 2.500000000000000e-01 4.375000000000000e-01 2
261 3.125000000000000e-01 5.000000000000000e-01 2
263 5.625000000000000e-01 3.750000000000000e-01 2
413 5.312500000000000e-01 1.562500000000000e-01 2
495 5.312500000000000e-01 2.187500000000000e-01 2
536 5.937500000000000e-01 5.312500000000000e-01 2
541 5.312500000000000e-01 3.125000000000000e-02 2
117 41
1 0.000000000000000e+00 0.000000000000000e+00 1
5 5.000000000000000e-01 5.000000000000000e-01 1
10 2.500000000000000e-01 2.500000000000000e-01 1
18 2.500000000000000e-01 0.000000000000000e+00 1
19 0.000000000000000e+00 2.500000000000000e-01 1
33 3.750000000000000e-01 1.250000000000000e-01 1
34 1.250000000000000e-01 1.250000000000000e-01 1
39 3.750000000000000e-01 3.750000000000000e-01 1
42 2.500000000000000e-01 3.750000000000000e-01 1
50 3.750000000000000e-01 0.000000000000000e+00 1
51 1.250000000000000e-01 2.500000000000000e-01 1
62 5.000000000000000e-01 3.750000000000000e-01 1
63 2.500000000000000e-01 1.250000000000000e-01 1
71 3.750000000000000e-01 2.500000000000000e-01 1
72 1.250000000000000e-01 0.000000000000000e+00 1
73 0.000000000000000e+00 1.250000000000000e-01 1
89 4.375000000000000e-01 1.875000000000000e-01 1
90 4.375000000000000e-01 6.250000000000000e-02 1
91 6.250000000000000e-02 1.875000000000000e-01 1
104 4.375000000000000e-01 4.375000000000000e-01 1
106 1.875000000000000e-01 1.875000000000000e-01 1
107 6.250000000000000e-02 3.125000000000000e-01 1
117 3.125000000000000e-01 1.875000000000000e-01 1
118 1.875000000000000e-01 6.250000000000000e-02 1
119 6.250000000000000e-02 6.250000000000000e-02 1
126 3.125000000000000e-01 3.125000000000000e-01 1
128 1.875000000000000e-01 3.125000000000000e-01 1
139 3.125000000000000e-01 6.250000000000000e-02 1
144 4.375000000000000e-01 3.125000000000000e-01 1
153 4.375000000000000e-01 1.250000000000000e-01 1
154 3.750000000000000e-01 6.250000000000000e-02 1
155 1.250000000000000e-01 1.875000000000000e-01 1
163 3.750000000000000e-01 4.375000000000000e-01 1
168 4.375000000000000e-01 3.750000000000000e-01 1
170 1.875000000000000e-01 1.250000000000000e-01 1
171 6.250000000000000e-02 2.500000000000000e-01 1
178 0.000000000000000e+00 3.125000000000000e-01 1
192 2.500000000000000e-01 1.875000000000000e-01 1
193 3.125000000000000e-01 2.500000000000000e-01 1
194 1.250000000000000e-01 6.250000000000000e-02 1
195 6.250000000000000e-02 1.250000000000000e-01 1
204 3.125000000000000e-01 3.750000000000000e-01 1
207 5.000000000000000e-01 4.375000000000000e-01 1
209 2.500000000000000e-01 3.125000000000000e-01 1
216 3.125000000000000e-01 0.000000000000000e+00 1
217 1.875000000000000e-01 2.500000000000000e-01 1
227 5.000000000000000e-01 3.125000000000000e-01 1
228 2.500000000000000e-01 6.250000000000000e-02 1
236 4.375000000000000e-01 2.500000000000000e-01 1
237 3.750000000000000e-01 1.875000000000000e-01 1
250 4.375000000000000e-01 0.000000000000000e+00 1
251 0.000000000000000e+00 1.875000000000000e-01 1
262 4.375000000000000e-01 5.000000000000000e-01 1
264 1.250000000000000e-01 3.125000000000000e-01 1
271 3.125000000000000e-01 1.250000000000000e-01 1
272 1.875000000000000e-01 0.000000000000000e+00 1
273 6.250000000000000e-02 0.000000000000000e+00 1
274 0.000000000000000e+00 6.250000000000000e-02 1
284 3.750000000000000e-01 3.125000000000000e-01 1
297 4.687500000000000e-01 1.562500000000000e-01 1
298 4.062500000000000e-01 3.125000000000000e-02 1
299 9.375000000000000e-02 2.187500000000000e-01 1
307 3.437500000000000e-01 4.687500000000000e-01 1
312 4.687500000000000e-01 4.062500000000000e-01 1
314 2.187500000000000e-01 1.562500000000000e-01 1
315 9.375000000000000e-02 2.812500000000000e-01 1
322 3.125000000000000e-02 2.812500000000000e-01 1
336 2.812500000000000e-01 1.562500000000000e-01 1
337 2.812500000000000e-01 2.187500000000000e-01 1
338 1.562500000000000e-01 3.125000000000000e-02 1
339 3.125000000000000e-02 9.375000000000000e-02 1
348 2.812500000000000e-01 2.812500000000000e-01 1
349 3.437500000000000e-01 4.062500000000000e-01 1
352 5.312500000000000e-01 4.062500000000000e-01 1
354 2.187500000000000e-01 2.812500000000000e-01 1
368 4.687500000000000e-01 9.375000000000000e-02 1
369 3.437500000000000e-01 3.125000000000000e-02 1
370 1.562500000000000e-01 2.187500000000000e-01 1
383 4.062500000000000e-01 4.687500000000000e-01 1
389 4.687500000000000e-01 2.812500000000000e-01 1
390 2.812500000000000e-01 3.125000000000000e-02 1
391 2.187500000000000e-01 9.375000000000000e-02 1
398 4.062500000000000e-01 1.562500000000000e-01 1
399 9.375000000000000e-02 3.125000000000000e-02 1
400 3.125000000000000e-02 1.562500000000000e-01 1
408 5.312500000000000e-01 4.687500000000000e-01 1
417 4.687500000000000e-01 2.187500000000000e-01 1
418 4.687500000000000e-01 3.125000000000000e-02 1
429 2.187500000000000e-01 2.187500000000000e-01 1
440 3.437500000000000e-01 1.562500000000000e-01 1
441 2.187500000000000e-01 3.125000000000000e-02 1
442 3.125000000000000e-02 3.125000000000000e-02 1
449 3.437500000000000e-01 3.437500000000000e-01 1
451 1.562500000000000e-01 3.437500000000000e-01 1
452 2.187500000000000e-01 3.437500000000000e-01 1
467 3.437500000000000e-01 9.375000000000000e-02 1
472 4.062500000000000e-01 5.312500000000000e-01 1
473 4.062500000000000e-01 3.437500000000000e-01 1
474 4.687500000000000e-01 3.437500000000000e-01 1
475 5.312500000000000e-01 5.312500000000000e-01 1
480 4.062500000000000e-01 9.375000000000000e-02 1
481 1.562500000000000e-01 1.562500000000000e-01 1
482 9.375000000000000e-02 1.562500000000000e-01 1
490 4.062500000000000e-01 4.062500000000000e-01 1
496 1.562500000000000e-01 9.375000000000000e-02 1
497 3.125000000000000e-02 2.187500000000000e-01 1
511 3.437500000000000e-01 2.812500000000000e-01 1
512 3.437500000000000e-01 2.187500000000000e-01 1
513 9.375000000000000e-02 9.375000000000000e-02 1
519 2.812500000000000e-01 3.437500000000000e-01 1
520 2.812500000000000e-01 4.062500000000000e-01 1
523 4.687500000000000e-01 4.687500000000000e-01 1
526 1.562500000000000e-01 2.812500000000000e-01 1
530 2.812500000000000e-01 9.375000000000000e-02 1
534 4.062500000000000e-01 2.187500000000000e-01 1
535 4.062500000000000e-01 2.812500000000000e-01 1
545 4.687500000000000e-01 5.312500000000000e-01 1
9 5.000000000000000e-01 0.000000000000000e+00 2
17 5.000000000000000e-01 2.500000000000000e-01 2
26 1.250000000000000e-01 3.750000000000000e-01 2
49 5.000000000000000e-01 1.250000000000000e-01 2
59 3.750000000000000e-01 5.000000000000000e-01 2
67 0.000000000000000e+00 3.750000000000000e-01 2
80 5.000000000000000e-01 6.250000000000000e-01 2
81 6.250000000000000e-01 5.000000000000000e-01 3
82 1.875000000000000e-01 4.375000000000000e-01 2
99 3.125000000000000e-01 4.375000000000000e-01 2
105 5.625000000000000e-01 3.125000000000000e-01 2
127 5.625000000000000e-01 4.375000000000000e-01 2
138 5.625000000000000e-01 6.250000000000000e-02 2
143 4.375000000000000e-01 5.625000000000000e-01 2
145 5.625000000000000e-01 5.625000000000000e-01 2
146 1.875000000000000e-01 3.750000000000000e-01 2
169 5.625000000000000e-01 2.500000000000000e-01 2
185 5.625000000000000e-01 1.250000000000000e-01 2
203 3.750000000000000e-01 5.625000000000000e-01 2
208 6.250000000000000e-01 4.375000000000000e-01 2
232 6.250000000000000e-02 3.750000000000000e-01 2
238 4.375000000000000e-01 6.250000000000000e-01 3
239 5.625000000000000e-01 5.000000000000000e-01 2
242 2.500000000000000e-01 4.375000000000000e-01 2
245 5.000000000000000e-01 1.875000000000000e-01 2
249 5.000000000000000e-01 6.250000000000000e-02 2
261 3.125000000000000e-01 5.000000000000000e-01 2
263 5.625000000000000e-01 3.750000000000000e-01 2
289 5.000000000000000e-01 5.625000000000000e-01 2
290 2.187500000000000e-01 4.062500000000000e-01 2
388 5.312500000000000e-01 2.812500000000000e-01 2
413 5.312500000000000e-01 1.562500000000000e-01 2
428 5.312500000000000e-01 3.437500000000000e-01 2
430 9.375000000000000e-02 3.437500000000000e-01 2
466 5.312500000000000e-01 9.375000000000000e-02 2
471 4.687500000000000e-01 5.937500000000000e-01 2
495 5.312500000000000e-01 2.187500000000000e-01 2
504 3.125000000000000e-02 3.437500000000000e-01 2
524 5.937500000000000e-01 4.687500000000000e-01 2
536 5.937500000000000e-01 5.312500000000000e-01 2
541 5.312500000000000e-01 3.125000000000000e-02 2
260
146 290 82
89 153 297
298 90 154
91 155 299
163 307 99
104 168 312
106 170 314
315 107 171
178 322 107
192 336 117
193 337 117
338 118 194
339 119 195
10 193 348
99 204 349
207 352 127
10 348 209
354 10 209
153 368 49
139 216 369
10 354 217
155 370 51
163 383 59
388 105 227
389 17 227
390 139 228
170 391 63
17 389 236
398 89 237
194 399 72
195 400 73
408 127 239
17 236 417
297 245 89
249 49 368
250 418 90
251 73 400
299 171 91
307 261 99
262 59 383
312 207 104
10 217 429
314 192 106
264 26 430
33 237 440
271 33 440
18 228 441
272 18 441
273 72 399
274 442 119
39 204 449
284 39 449
352 263 127
26 264 451
42 146 452
49 249 466
33 271 467
369 154 139
289 471 143
59 262 472
39 284 473
62 168 474
5 239 475
26 451 146
480 90 153
89 398 153
33 467 154
90 480 154
481 106 155
482 34 155
490 104 163
99 349 163
39 473 168
104 490 168
496 118 170
106 481 170
497 91 171
107 322 171
504 67 178
49 466 185
10 429 192
117 337 192
511 126 193
512 71 193
513 119 194
118 496 194
34 482 195
119 513 195
59 472 203
519 126 204
520 42 204
523 104 207
127 408 207
524 127 208
42 452 209
126 519 209
139 390 216
51 370 217
526 51 217
62 474 227
105 428 227
63 391 228
530 63 228
534 89 236
535 71 236
71 512 237
89 534 237
143 471 238
127 524 239
42 520 242
17 417 245
90 418 249
90 298 250
91 497 251
545 143 262
104 523 262
51 526 264
107 315 264
63 530 271
117 336 271
118 338 272
119 442 273
119 339 274
71 535 284
126 511 284
5 475 289
143 545 289
42 242 290
146 42 290
49 245 297
153 49 297
50 250 298
154 50 298
51 171 299
155 51 299
59 261 307
163 59 307
62 207 312
168 62 312
63 192 314
170 63 314
51 264 315
171 51 315
19 171 322
178 19 322
63 271 336
192 63 336
10 192 337
193 10 337
72 272 338
194 72 338
73 274 339
195 73 339
126 209 348
193 126 348
39 163 349
204 39 349
62 263 352
207 62 352
128 217 354
209 128 354
90 249 368
153 90 368
50 154 369
216 50 369
106 217 370
155 106 370
104 262 383
163 104 383
17 169 388
227 17 388
144 236 389
227 144 389
18 216 390
228 18 390
118 228 391
170 118 391
33 153 398
237 33 398
119 273 399
194 119 399
91 251 400
195 91 400
5 207 408
239 5 408
245 49 413
89 245 417
236 89 417
9 249 418
250 9 418
62 227 428
263 62 428
106 192 429
217 106 429
107 264 430
232 107 430
117 271 440
237 117 440
118 272 441
228 118 441
1 273 442
274 1 442
126 284 449
204 126 449
128 146 451
264 128 451
128 209 452
146 128 452
249 138 466
139 154 467
271 139 467
289 80 471
143 203 472
262 143 472
144 168 473
284 144 473
144 227 474
168 144 474
145 289 475
239 145 475
33 154 480
153 33 480
34 170 481
155 34 481
91 195 482
155 91 482
39 168 490
163 39 490
17 245 495
34 194 496
170 34 496
19 251 497
171 19 497
107 232 504
178 107 504
71 284 511
193 71 511
117 237 512
193 117 512
34 195 513
194 34 513
42 209 519
204 42 519
99 242 520
204 99 520
5 262 523
207 5 523
81 239 524
128 264 526
217 128 526
139 271 530
228 139 530
71 237 534
236 71 534
144 284 535
236 144 535
239 81 536
249 9 541
5 289 545
262 5 545
14
251 73 2
272 18 2
273 72 2
67 178 2
50 250 2
178 19 2
72 272 2
73 274 2
216 50 2
18 216 2
250 9 2
1 273 2
274 1 2
19 251 2
