1024  1
146  290  82
83  147  291
148  292  84
149  293  85
86  150  294
87  151  295
88  152  296
89  153  297
298  90  154
91  155  299
300  92  156
93  157  301
302  94  158
95  159  303
304  96  160
97  161  305
162  306  98
163  307  99
164  308  100
309  101  165
166  310  102
311  103  167
104  168  312
313  105  169
106  170  314
315  107  171
108  172  316
317  109  173
110  174  318
319  111  175
112  176  320
321  113  177
178  322  107
82  179  323
180  324  109
83  181  325
182  326  111
84  183  327
184  328  113
85  185  329
186  330  114
86  187  331
188  332  115
87  189  333
190  334  116
88  191  335
192  336  117
193  337  117
338  118  194
339  119  195
340  120  196
341  121  197
342  122  198
343  123  199
344  124  200
345  125  201
202  346  101
98  203  347
10  193  348
99  204  349
205  350  103
100  206  351
207  352  127
102  208  353
10  348  209
354  10  209
129  210  355
130  211  356
131  212  357
132  213  358
133  214  359
134  215  360
361  26  179
150  362  46
363  27  181
151  364  47
365  28  183
152  366  48
367  29  185
153  368  49
139  216  369
10  354  217
155  370  51
140  218  371
372  130  219
157  373  53
141  220  374
375  132  221
159  376  55
142  222  377
378  134  223
161  379  57
380  114  224
162  381  58
382  38  203
163  383  59
384  115  225
164  385  60
386  116  226
166  387  61
388  105  227
389  17  227
390  139  228
170  391  63
392  140  229
172  393  64
394  141  230
174  395  65
396  142  231
176  397  66
26  361  232
27  363  233
28  365  234
29  367  235
17  389  236
398  89  237
194  399  72
195  400  73
196  401  74
197  402  75
198  403  76
199  404  77
200  405  78
201  406  79
407  40  206
38  382  238
408  127  239
40  407  240
241  409  82
242  410  82
243  411  83
291  165  83
244  412  84
292  167  84
245  413  85
293  169  85
246  414  86
294  241  86
247  415  87
295  243  87
248  416  88
296  244  88
17  236  417
297  245  89
249  49  368
250  418  90
251  73  400
299  171  91
252  46  362
253  419  92
254  75  402
301  173  93
255  47  364
256  420  94
257  77  404
303  175  95
258  48  366
259  421  96
260  79  406
305  177  97
261  422  98
306  246  98
14  242  423
307  261  99
15  202  424
308  247  100
38  238  425
309  210  101
16  205  426
310  248  102
40  240  427
311  212  103
262  59  383
312  207  104
263  428  105
313  214  105
10  217  429
314  192  106
26  232  430
264  26  430
11  219  431
316  186  108
27  233  432
265  27  432
12  221  433
318  188  110
28  234  434
266  28  434
13  223  435
320  190  112
29  235  436
267  29  436
30  187  437
268  30  437
31  189  438
269  31  438
32  191  439
270  32  439
33  237  440
271  33  440
18  228  441
272  18  441
273  72  399
274  442  119
20  229  443
275  20  443
276  74  401
277  444  121
22  230  445
278  22  445
279  76  403
280  446  123
24  231  447
281  24  447
282  78  405
283  448  125
39  204  449
284  39  449
41  208  450
352  263  127
26  264  451
42  146  452
11  224  453
355  211  129
27  265  454
356  147  130
12  225  455
357  213  131
28  266  456
358  148  132
13  226  457
359  215  133
29  267  458
360  149  134
285  459  135
46  252  460
286  461  136
47  255  462
287  463  137
48  258  464
288  465  138
49  249  466
33  271  467
369  154  139
30  268  468
371  156  140
31  269  469
374  158  141
32  270  470
377  160  142
289  471  143
59  262  472
39  284  473
62  168  474
5  239  475
80  289  476
26  451  146
82  323  146
27  454  147
83  325  147
28  456  148
84  327  148
29  458  149
85  329  149
477  92  150
86  331  150
478  94  151
87  333  151
479  96  152
88  335  152
480  90  153
89  398  153
33  467  154
90  480  154
481  106  155
482  34  155
30  468  156
92  477  156
483  108  157
484  35  157
31  469  158
94  478  158
485  110  159
486  36  159
32  470  160
96  479  160
487  112  161
488  37  161
489  129  162
98  347  162
490  104  163
99  349  163
491  131  164
100  351  164
492  83  165
101  346  165
493  133  166
102  353  166
494  84  167
103  350  167
39  473  168
104  490  168
495  85  169
105  388  169
496  118  170
106  481  170
497  91  171
107  322  171
498  120  172
108  483  172
499  93  173
109  324  173
500  122  174
110  485  174
501  95  175
111  326  175
502  124  176
112  487  176
503  97  177
113  328  177
504  67  178
46  460  179
82  409  179
505  68  180
47  462  181
83  411  181
506  69  182
48  464  183
84  412  183
507  70  184
49  466  185
85  413  185
11  431  186
114  380  186
508  114  187
86  414  187
12  433  188
115  384  188
509  115  189
87  415  189
13  435  190
116  386  190
510  116  191
88  416  191
10  429  192
117  337  192
511  126  193
512  71  193
513  119  194
118  496  194
34  482  195
119  513  195
514  121  196
120  498  196
35  484  197
121  514  197
515  123  198
122  500  198
36  486  199
123  515  199
516  125  200
124  502  200
37  488  201
125  516  201
517  100  202
518  80  202
59  472  203
98  422  203
519  126  204
520  42  204
521  102  205
522  81  205
80  476  206
100  517  206
523  104  207
127  408  207
524  127  208
102  521  208
42  452  209
126  519  209
38  425  210
129  489  210
11  453  211
130  372  211
40  427  212
131  491  212
12  455  213
132  375  213
525  105  214
133  493  214
13  457  215
134  378  215
139  390  216
51  370  217
526  51  217
140  392  218
53  373  219
527  53  219
141  394  220
55  376  221
528  55  221
142  396  222
57  379  223
529  57  223
58  381  224
114  508  224
60  385  225
115  509  225
61  387  226
116  510  226
62  474  227
105  428  227
63  391  228
530  63  228
64  393  229
531  64  229
65  395  230
532  65  230
66  397  231
533  66  231
67  504  232
135  459  232
68  505  233
136  461  233
69  506  234
137  463  234
70  507  235
138  465  235
534  89  236
535  71  236
71  512  237
89  534  237
80  518  238
143  471  238
536  145  239
127  524  239
81  522  240
145  536  240
537  86  241
82  410  241
42  520  242
82  290  242
538  87  243
83  492  243
539  88  244
84  494  244
17  417  245
85  495  245
540  98  246
86  537  246
15  424  247
87  538  247
16  426  248
88  539  248
541  138  249
90  418  249
90  298  250
91  497  251
542  135  252
92  419  252
92  300  253
93  499  254
543  136  255
94  420  255
94  302  256
95  501  257
544  137  258
96  421  258
96  304  259
97  503  260
14  423  261
98  540  261
545  143  262
104  523  262
41  450  263
105  525  263
51  526  264
107  315  264
53  527  265
109  317  265
55  528  266
111  319  266
57  529  267
113  321  267
64  531  268
114  330  268
65  532  269
115  332  269
66  533  270
116  334  270
63  530  271
117  336  271
118  338  272
119  442  273
119  339  274
120  340  275
121  444  276
121  341  277
122  342  278
123  446  279
123  343  280
124  344  281
125  448  282
125  345  283
71  535  284
126  511  284
135  542  285
136  543  286
137  544  287
138  541  288
5  475  289
143  545  289
42  242  290
146  42  290
43  165  291
147  43  291
44  167  292
148  44  292
45  169  293
149  45  293
46  241  294
150  46  294
47  243  295
151  47  295
48  244  296
152  48  296
49  245  297
153  49  297
50  250  298
154  50  298
51  171  299
155  51  299
52  253  300
156  52  300
53  173  301
157  53  301
54  256  302
158  54  302
55  175  303
159  55  303
56  259  304
160  56  304
57  177  305
161  57  305
58  246  306
162  58  306
59  261  307
163  59  307
60  247  308
164  60  308
43  210  309
165  43  309
61  248  310
166  61  310
44  212  311
167  44  311
62  207  312
168  62  312
45  214  313
169  45  313
63  192  314
170  63  314
51  264  315
171  51  315
64  186  316
172  64  316
53  265  317
173  53  317
65  188  318
174  65  318
55  266  319
175  55  319
66  190  320
176  66  320
57  267  321
177  57  321
19  171  322
178  19  322
26  146  323
179  26  323
21  173  324
180  21  324
27  147  325
181  27  325
23  175  326
182  23  326
28  148  327
183  28  327
25  177  328
184  25  328
29  149  329
185  29  329
64  268  330
186  64  330
30  150  331
187  30  331
65  269  332
188  65  332
31  151  333
189  31  333
66  270  334
190  66  334
32  152  335
191  32  335
63  271  336
192  63  336
10  192  337
193  10  337
72  272  338
194  72  338
73  274  339
195  73  339
74  275  340
196  74  340
75  277  341
197  75  341
76  278  342
198  76  342
77  280  343
199  77  343
78  281  344
200  78  344
79  283  345
201  79  345
15  165  346
202  15  346
38  162  347
203  38  347
126  209  348
193  126  348
39  163  349
204  39  349
16  167  350
205  16  350
40  164  351
206  40  351
62  263  352
207  62  352
41  166  353
208  41  353
128  217  354
209  128  354
43  211  355
210  43  355
43  147  356
211  43  356
44  213  357
212  44  357
44  148  358
213  44  358
45  215  359
214  45  359
45  149  360
215  45  360
135  232  361
179  135  361
92  252  362
150  92  362
136  233  363
181  136  363
94  255  364
151  94  364
137  234  365
183  137  365
96  258  366
152  96  366
138  235  367
185  138  367
90  249  368
153  90  368
50  154  369
216  50  369
106  217  370
155  106  370
52  156  371
218  52  371
11  211  372
219  11  372
108  219  373
157  108  373
54  158  374
220  54  374
12  213  375
221  12  375
110  221  376
159  110  376
56  160  377
222  56  377
13  215  378
223  13  378
112  223  379
161  112  379
11  186  380
224  11  380
129  224  381
162  129  381
143  238  382
203  143  382
104  262  383
163  104  383
12  188  384
225  12  384
131  225  385
164  131  385
13  190  386
226  13  386
133  226  387
166  133  387
17  169  388
227  17  388
144  236  389
227  144  389
18  216  390
228  18  390
118  228  391
170  118  391
20  218  392
229  20  392
120  229  393
172  120  393
22  220  394
230  22  394
122  230  395
174  122  395
24  222  396
231  24  396
124  231  397
176  124  397
33  153  398
237  33  398
119  273  399
194  119  399
91  251  400
195  91  400
121  276  401
196  121  401
93  254  402
197  93  402
123  279  403
198  123  403
95  257  404
199  95  404
125  282  405
200  125  405
97  260  406
201  97  406
145  240  407
206  145  407
5  207  408
239  5  408
46  179  409
241  46  409
14  241  410
242  14  410
47  181  411
243  47  411
48  183  412
244  48  412
49  185  413
245  49  413
58  187  414
246  58  414
60  189  415
247  60  415
61  191  416
248  61  416
89  245  417
236  89  417
9  249  418
250  9  418
6  252  419
253  6  419
7  255  420
256  7  420
8  258  421
259  8  421
59  203  422
261  59  422
99  261  423
242  99  423
100  247  424
202  100  424
101  210  425
238  101  425
102  248  426
205  102  426
103  212  427
240  103  427
62  227  428
263  62  428
106  192  429
217  106  429
107  264  430
232  107  430
108  186  431
219  108  431
109  265  432
233  109  432
110  188  433
221  110  433
111  266  434
234  111  434
112  190  435
223  112  435
113  267  436
235  113  436
114  268  437
187  114  437
115  269  438
189  115  438
116  270  439
191  116  439
117  271  440
237  117  440
118  272  441
228  118  441
1  273  442
274  1  442
120  275  443
229  120  443
4  276  444
277  4  444
122  278  445
230  122  445
3  279  446
280  3  446
124  281  447
231  124  447
2  282  448
283  2  448
126  284  449
204  126  449
127  263  450
208  127  450
128  146  451
264  128  451
128  209  452
146  128  452
129  211  453
224  129  453
130  147  454
265  130  454
131  213  455
225  131  455
132  148  456
266  132  456
133  215  457
226  133  457
134  149  458
267  134  458
67  232  459
285  67  459
135  179  460
252  135  460
68  233  461
286  68  461
136  181  462
255  136  462
69  234  463
287  69  463
137  183  464
258  137  464
70  235  465
288  70  465
138  185  466
249  138  466
139  154  467
271  139  467
140  156  468
268  140  468
141  158  469
269  141  469
142  160  470
270  142  470
80  238  471
289  80  471
143  203  472
262  143  472
144  168  473
284  144  473
144  227  474
168  144  474
145  289  475
239  145  475
145  206  476
289  145  476
30  156  477
150  30  477
31  158  478
151  31  478
32  160  479
152  32  479
33  154  480
153  33  480
34  170  481
155  34  481
91  195  482
155  91  482
35  172  483
157  35  483
93  197  484
157  93  484
36  174  485
159  36  485
95  199  486
159  95  486
37  176  487
161  37  487
97  201  488
161  97  488
38  210  489
162  38  489
39  168  490
163  39  490
40  212  491
164  40  491
15  243  492
165  15  492
41  214  493
166  41  493
16  244  494
167  16  494
17  245  495
169  17  495
34  194  496
170  34  496
19  251  497
171  19  497
35  196  498
172  35  498
21  254  499
173  21  499
36  198  500
174  36  500
23  257  501
175  23  501
37  200  502
176  37  502
25  260  503
177  25  503
107  232  504
178  107  504
109  233  505
180  109  505
111  234  506
182  111  506
113  235  507
184  113  507
58  224  508
187  58  508
60  225  509
189  60  509
61  226  510
191  61  510
71  284  511
193  71  511
117  237  512
193  117  512
34  195  513
194  34  513
35  197  514
196  35  514
36  199  515
198  36  515
37  201  516
200  37  516
80  206  517
202  80  517
101  238  518
202  101  518
42  209  519
204  42  519
99  242  520
204  99  520
81  208  521
205  81  521
103  240  522
205  103  522
5  262  523
207  5  523
81  239  524
208  81  524
41  263  525
214  41  525
128  264  526
217  128  526
130  265  527
219  130  527
132  266  528
221  132  528
134  267  529
223  134  529
139  271  530
228  139  530
140  268  531
229  140  531
141  269  532
230  141  532
142  270  533
231  142  533
71  237  534
236  71  534
144  284  535
236  144  535
81  240  536
239  81  536
14  246  537
241  14  537
15  247  538
243  15  538
16  248  539
244  16  539
14  261  540
246  14  540
9  288  541
249  9  541
6  285  542
252  6  542
7  286  543
255  7  543
8  287  544
258  8  544
5  289  545
262  5  545
