133 18
2 1.000000000000000e+00 0.000000000000000e+00 1
8 1.000000000000000e+00 5.000000000000000e-01 1
13 7.500000000000000e-01 2.500000000000000e-01 1
16 7.500000000000000e-01 5.000000000000000e-01 1
24 1.000000000000000e+00 2.500000000000000e-01 1
25 7.500000000000000e-01 0.000000000000000e+00 1
29 6.250000000000000e-01 1.250000000000000e-01 1
32 8.750000000000000e-01 3.750000000000000e-01 1
37 8.750000000000000e-01 1.250000000000000e-01 1
41 6.250000000000000e-01 3.750000000000000e-01 1
45 6.250000000000000e-01 2.500000000000000e-01 1
48 8.750000000000000e-01 5.000000000000000e-01 2
56 1.000000000000000e+00 3.750000000000000e-01 1
57 7.500000000000000e-01 1.250000000000000e-01 1
61 7.500000000000000e-01 3.750000000000000e-01 1
66 8.750000000000000e-01 2.500000000000000e-01 1
70 6.250000000000000e-01 0.000000000000000e+00 1
78 1.000000000000000e+00 1.250000000000000e-01 1
79 8.750000000000000e-01 0.000000000000000e+00 1
81 6.250000000000000e-01 5.000000000000000e-01 3
85 5.625000000000000e-01 1.875000000000000e-01 1
88 8.125000000000000e-01 4.375000000000000e-01 1
96 9.375000000000000e-01 4.375000000000000e-01 1
97 8.125000000000000e-01 6.250000000000000e-02 1
102 6.875000000000000e-01 4.375000000000000e-01 1
105 5.625000000000000e-01 3.125000000000000e-01 2
112 8.125000000000000e-01 1.875000000000000e-01 1
113 6.875000000000000e-01 6.250000000000000e-02 1
116 8.125000000000000e-01 3.125000000000000e-01 1
124 9.375000000000000e-01 1.875000000000000e-01 1
125 9.375000000000000e-01 6.250000000000000e-02 1
133 6.875000000000000e-01 3.125000000000000e-01 1
134 6.875000000000000e-01 1.875000000000000e-01 1
138 5.625000000000000e-01 6.250000000000000e-02 2
142 9.375000000000000e-01 3.125000000000000e-01 1
149 6.250000000000000e-01 1.875000000000000e-01 1
152 8.750000000000000e-01 4.375000000000000e-01 1
160 9.375000000000000e-01 3.750000000000000e-01 1
161 8.125000000000000e-01 1.250000000000000e-01 1
166 6.875000000000000e-01 3.750000000000000e-01 1
169 5.625000000000000e-01 2.500000000000000e-01 2
176 8.750000000000000e-01 1.875000000000000e-01 1
177 7.500000000000000e-01 6.250000000000000e-02 1
184 6.875000000000000e-01 0.000000000000000e+00 1
185 5.625000000000000e-01 1.250000000000000e-01 2
190 8.125000000000000e-01 2.500000000000000e-01 1
191 8.125000000000000e-01 3.750000000000000e-01 1
200 9.375000000000000e-01 1.250000000000000e-01 1
201 8.750000000000000e-01 6.250000000000000e-02 1
205 6.875000000000000e-01 5.000000000000000e-01 1
208 6.250000000000000e-01 4.375000000000000e-01 2
214 6.250000000000000e-01 3.125000000000000e-01 1
215 6.875000000000000e-01 2.500000000000000e-01 1
222 1.000000000000000e+00 3.125000000000000e-01 1
223 7.500000000000000e-01 1.875000000000000e-01 1
226 7.500000000000000e-01 3.125000000000000e-01 1
231 9.375000000000000e-01 2.500000000000000e-01 1
235 6.250000000000000e-01 6.250000000000000e-02 1
244 8.125000000000000e-01 5.000000000000000e-01 2
248 7.500000000000000e-01 4.375000000000000e-01 1
258 9.375000000000000e-01 5.000000000000000e-01 1
259 1.000000000000000e+00 4.375000000000000e-01 1
260 8.125000000000000e-01 0.000000000000000e+00 1
263 5.625000000000000e-01 3.750000000000000e-01 2
267 6.875000000000000e-01 1.250000000000000e-01 1
270 8.750000000000000e-01 3.125000000000000e-01 1
281 1.000000000000000e+00 1.875000000000000e-01 1
282 1.000000000000000e+00 6.250000000000000e-02 1
283 9.375000000000000e-01 0.000000000000000e+00 1
288 5.625000000000000e-01 0.000000000000000e+00 1
293 5.937500000000000e-01 2.187500000000000e-01 1
296 8.437500000000000e-01 4.687500000000000e-01 1
304 9.687500000000000e-01 4.062500000000000e-01 1
305 7.812500000000000e-01 9.375000000000000e-02 1
310 7.187500000000000e-01 4.062500000000000e-01 1
313 5.937500000000000e-01 2.812500000000000e-01 1
320 8.437500000000000e-01 2.187500000000000e-01 1
321 7.187500000000000e-01 9.375000000000000e-02 1
328 7.187500000000000e-01 3.125000000000000e-02 1
329 5.937500000000000e-01 1.562500000000000e-01 1
334 8.437500000000000e-01 2.812500000000000e-01 1
335 8.437500000000000e-01 4.062500000000000e-01 1
344 9.687500000000000e-01 1.562500000000000e-01 1
345 9.062500000000000e-01 3.125000000000000e-02 1
350 7.187500000000000e-01 5.312500000000000e-01 2
353 6.562500000000000e-01 4.062500000000000e-01 1
359 6.562500000000000e-01 2.812500000000000e-01 1
360 6.562500000000000e-01 2.187500000000000e-01 1
366 9.062500000000000e-01 4.687500000000000e-01 1
367 5.937500000000000e-01 9.375000000000000e-02 1
377 9.687500000000000e-01 3.437500000000000e-01 1
378 7.187500000000000e-01 2.187500000000000e-01 1
379 7.812500000000000e-01 1.562500000000000e-01 1
386 7.812500000000000e-01 2.812500000000000e-01 1
387 7.187500000000000e-01 3.437500000000000e-01 1
396 9.687500000000000e-01 2.812500000000000e-01 1
397 9.062500000000000e-01 2.187500000000000e-01 1
405 9.687500000000000e-01 9.375000000000000e-02 1
406 8.437500000000000e-01 3.125000000000000e-02 1
413 5.312500000000000e-01 1.562500000000000e-01 2
416 7.812500000000000e-01 4.062500000000000e-01 1
421 9.687500000000000e-01 4.687500000000000e-01 1
426 7.187500000000000e-01 4.687500000000000e-01 1
435 7.812500000000000e-01 2.187500000000000e-01 1
436 6.562500000000000e-01 9.375000000000000e-02 1
439 8.437500000000000e-01 3.437500000000000e-01 1
447 9.687500000000000e-01 2.187500000000000e-01 1
448 9.687500000000000e-01 3.125000000000000e-02 1
450 5.937500000000000e-01 4.062500000000000e-01 1
457 7.187500000000000e-01 2.812500000000000e-01 1
458 6.562500000000000e-01 1.562500000000000e-01 1
464 9.062500000000000e-01 5.312500000000000e-01 2
465 5.937500000000000e-01 3.125000000000000e-02 1
470 9.062500000000000e-01 3.437500000000000e-01 1
479 9.062500000000000e-01 4.062500000000000e-01 1
487 8.437500000000000e-01 1.562500000000000e-01 1
488 8.437500000000000e-01 9.375000000000000e-02 1
493 6.562500000000000e-01 3.437500000000000e-01 1
494 7.812500000000000e-01 5.312500000000000e-01 2
495 5.312500000000000e-01 2.187500000000000e-01 2
502 9.062500000000000e-01 1.562500000000000e-01 1
503 7.812500000000000e-01 3.125000000000000e-02 1
507 6.562500000000000e-01 3.125000000000000e-02 1
510 7.812500000000000e-01 3.437500000000000e-01 1
516 9.062500000000000e-01 9.375000000000000e-02 1
521 6.562500000000000e-01 4.687500000000000e-01 1
522 6.562500000000000e-01 5.312500000000000e-01 2
525 5.937500000000000e-01 3.437500000000000e-01 1
529 7.187500000000000e-01 1.562500000000000e-01 1
533 9.062500000000000e-01 2.812500000000000e-01 1
539 7.812500000000000e-01 4.687500000000000e-01 1
541 5.312500000000000e-01 3.125000000000000e-02 2
544 9.687500000000000e-01 5.312500000000000e-01 2
9 5.000000000000000e-01 0.000000000000000e+00 2
17 5.000000000000000e-01 2.500000000000000e-01 2
49 5.000000000000000e-01 1.250000000000000e-01 2
84 8.125000000000000e-01 5.625000000000000e-01 2
103 6.875000000000000e-01 5.625000000000000e-01 2
127 5.625000000000000e-01 4.375000000000000e-01 2
137 9.375000000000000e-01 5.625000000000000e-01 2
167 7.500000000000000e-01 5.625000000000000e-01 2
183 8.750000000000000e-01 5.625000000000000e-01 2
240 6.250000000000000e-01 5.625000000000000e-01 2
245 5.000000000000000e-01 1.875000000000000e-01 2
249 5.000000000000000e-01 6.250000000000000e-02 2
287 1.000000000000000e+00 5.625000000000000e-01 2
388 5.312500000000000e-01 2.812500000000000e-01 2
412 8.437500000000000e-01 5.312500000000000e-01 2
428 5.312500000000000e-01 3.437500000000000e-01 2
466 5.312500000000000e-01 9.375000000000000e-02 2
524 5.937500000000000e-01 4.687500000000000e-01 2
116 35
2 1.000000000000000e+00 0.000000000000000e+00 1
8 1.000000000000000e+00 5.000000000000000e-01 1
13 7.500000000000000e-01 2.500000000000000e-01 1
16 7.500000000000000e-01 5.000000000000000e-01 1
24 1.000000000000000e+00 2.500000000000000e-01 1
25 7.500000000000000e-01 0.000000000000000e+00 1
29 6.250000000000000e-01 1.250000000000000e-01 1
32 8.750000000000000e-01 3.750000000000000e-01 1
37 8.750000000000000e-01 1.250000000000000e-01 1
41 6.250000000000000e-01 3.750000000000000e-01 1
45 6.250000000000000e-01 2.500000000000000e-01 1
56 1.000000000000000e+00 3.750000000000000e-01 1
57 7.500000000000000e-01 1.250000000000000e-01 1
61 7.500000000000000e-01 3.750000000000000e-01 1
66 8.750000000000000e-01 2.500000000000000e-01 1
70 6.250000000000000e-01 0.000000000000000e+00 1
78 1.000000000000000e+00 1.250000000000000e-01 1
79 8.750000000000000e-01 0.000000000000000e+00 1
85 5.625000000000000e-01 1.875000000000000e-01 1
88 8.125000000000000e-01 4.375000000000000e-01 1
96 9.375000000000000e-01 4.375000000000000e-01 1
97 8.125000000000000e-01 6.250000000000000e-02 1
102 6.875000000000000e-01 4.375000000000000e-01 1
112 8.125000000000000e-01 1.875000000000000e-01 1
113 6.875000000000000e-01 6.250000000000000e-02 1
116 8.125000000000000e-01 3.125000000000000e-01 1
124 9.375000000000000e-01 1.875000000000000e-01 1
125 9.375000000000000e-01 6.250000000000000e-02 1
133 6.875000000000000e-01 3.125000000000000e-01 1
134 6.875000000000000e-01 1.875000000000000e-01 1
142 9.375000000000000e-01 3.125000000000000e-01 1
149 6.250000000000000e-01 1.875000000000000e-01 1
152 8.750000000000000e-01 4.375000000000000e-01 1
160 9.375000000000000e-01 3.750000000000000e-01 1
161 8.125000000000000e-01 1.250000000000000e-01 1
166 6.875000000000000e-01 3.750000000000000e-01 1
176 8.750000000000000e-01 1.875000000000000e-01 1
177 7.500000000000000e-01 6.250000000000000e-02 1
184 6.875000000000000e-01 0.000000000000000e+00 1
190 8.125000000000000e-01 2.500000000000000e-01 1
191 8.125000000000000e-01 3.750000000000000e-01 1
200 9.375000000000000e-01 1.250000000000000e-01 1
201 8.750000000000000e-01 6.250000000000000e-02 1
205 6.875000000000000e-01 5.000000000000000e-01 1
214 6.250000000000000e-01 3.125000000000000e-01 1
215 6.875000000000000e-01 2.500000000000000e-01 1
222 1.000000000000000e+00 3.125000000000000e-01 1
223 7.500000000000000e-01 1.875000000000000e-01 1
226 7.500000000000000e-01 3.125000000000000e-01 1
231 9.375000000000000e-01 2.500000000000000e-01 1
235 6.250000000000000e-01 6.250000000000000e-02 1
248 7.500000000000000e-01 4.375000000000000e-01 1
258 9.375000000000000e-01 5.000000000000000e-01 1
259 1.000000000000000e+00 4.375000000000000e-01 1
260 8.125000000000000e-01 0.000000000000000e+00 1
267 6.875000000000000e-01 1.250000000000000e-01 1
270 8.750000000000000e-01 3.125000000000000e-01 1
281 1.000000000000000e+00 1.875000000000000e-01 1
282 1.000000000000000e+00 6.250000000000000e-02 1
283 9.375000000000000e-01 0.000000000000000e+00 1
288 5.625000000000000e-01 0.000000000000000e+00 1
293 5.937500000000000e-01 2.187500000000000e-01 1
296 8.437500000000000e-01 4.687500000000000e-01 1
304 9.687500000000000e-01 4.062500000000000e-01 1
305 7.812500000000000e-01 9.375000000000000e-02 1
310 7.187500000000000e-01 4.062500000000000e-01 1
313 5.937500000000000e-01 2.812500000000000e-01 1
320 8.437500000000000e-01 2.187500000000000e-01 1
321 7.187500000000000e-01 9.375000000000000e-02 1
328 7.187500000000000e-01 3.125000000000000e-02 1
329 5.937500000000000e-01 1.562500000000000e-01 1
334 8.437500000000000e-01 2.812500000000000e-01 1
335 8.437500000000000e-01 4.062500000000000e-01 1
344 9.687500000000000e-01 1.562500000000000e-01 1
345 9.062500000000000e-01 3.125000000000000e-02 1
353 6.562500000000000e-01 4.062500000000000e-01 1
359 6.562500000000000e-01 2.812500000000000e-01 1
360 6.562500000000000e-01 2.187500000000000e-01 1
366 9.062500000000000e-01 4.687500000000000e-01 1
367 5.937500000000000e-01 9.375000000000000e-02 1
377 9.687500000000000e-01 3.437500000000000e-01 1
378 7.187500000000000e-01 2.187500000000000e-01 1
379 7.812500000000000e-01 1.562500000000000e-01 1
386 7.812500000000000e-01 2.812500000000000e-01 1
387 7.187500000000000e-01 3.437500000000000e-01 1
396 9.687500000000000e-01 2.812500000000000e-01 1
397 9.062500000000000e-01 2.187500000000000e-01 1
405 9.687500000000000e-01 9.375000000000000e-02 1
406 8.437500000000000e-01 3.125000000000000e-02 1
416 7.812500000000000e-01 4.062500000000000e-01 1
421 9.687500000000000e-01 4.687500000000000e-01 1
426 7.187500000000000e-01 4.687500000000000e-01 1
435 7.812500000000000e-01 2.187500000000000e-01 1
436 6.562500000000000e-01 9.375000000000000e-02 1
439 8.437500000000000e-01 3.437500000000000e-01 1
447 9.687500000000000e-01 2.187500000000000e-01 1
448 9.687500000000000e-01 3.125000000000000e-02 1
450 5.937500000000000e-01 4.062500000000000e-01 1
457 7.187500000000000e-01 2.812500000000000e-01 1
458 6.562500000000000e-01 1.562500000000000e-01 1
465 5.937500000000000e-01 3.125000000000000e-02 1
470 9.062500000000000e-01 3.437500000000000e-01 1
479 9.062500000000000e-01 4.062500000000000e-01 1
487 8.437500000000000e-01 1.562500000000000e-01 1
488 8.437500000000000e-01 9.375000000000000e-02 1
493 6.562500000000000e-01 3.437500000000000e-01 1
502 9.062500000000000e-01 1.562500000000000e-01 1
503 7.812500000000000e-01 3.125000000000000e-02 1
507 6.562500000000000e-01 3.125000000000000e-02 1
510 7.812500000000000e-01 3.437500000000000e-01 1
516 9.062500000000000e-01 9.375000000000000e-02 1
521 6.562500000000000e-01 4.687500000000000e-01 1
525 5.937500000000000e-01 3.437500000000000e-01 1
529 7.187500000000000e-01 1.562500000000000e-01 1
533 9.062500000000000e-01 2.812500000000000e-01 1
539 7.812500000000000e-01 4.687500000000000e-01 1
9 5.000000000000000e-01 0.000000000000000e+00 2
17 5.000000000000000e-01 2.500000000000000e-01 2
48 8.750000000000000e-01 5.000000000000000e-01 2
49 5.000000000000000e-01 1.250000000000000e-01 2
81 6.250000000000000e-01 5.000000000000000e-01 3
84 8.125000000000000e-01 5.625000000000000e-01 2
103 6.875000000000000e-01 5.625000000000000e-01 2
105 5.625000000000000e-01 3.125000000000000e-01 2
127 5.625000000000000e-01 4.375000000000000e-01 2
137 9.375000000000000e-01 5.625000000000000e-01 2
138 5.625000000000000e-01 6.250000000000000e-02 2
167 7.500000000000000e-01 5.625000000000000e-01 2
169 5.625000000000000e-01 2.500000000000000e-01 2
183 8.750000000000000e-01 5.625000000000000e-01 2
185 5.625000000000000e-01 1.250000000000000e-01 2
208 6.250000000000000e-01 4.375000000000000e-01 2
240 6.250000000000000e-01 5.625000000000000e-01 2
244 8.125000000000000e-01 5.000000000000000e-01 2
245 5.000000000000000e-01 1.875000000000000e-01 2
249 5.000000000000000e-01 6.250000000000000e-02 2
263 5.625000000000000e-01 3.750000000000000e-01 2
287 1.000000000000000e+00 5.625000000000000e-01 2
350 7.187500000000000e-01 5.312500000000000e-01 2
388 5.312500000000000e-01 2.812500000000000e-01 2
412 8.437500000000000e-01 5.312500000000000e-01 2
413 5.312500000000000e-01 1.562500000000000e-01 2
428 5.312500000000000e-01 3.437500000000000e-01 2
464 9.062500000000000e-01 5.312500000000000e-01 2
466 5.312500000000000e-01 9.375000000000000e-02 2
494 7.812500000000000e-01 5.312500000000000e-01 2
495 5.312500000000000e-01 2.187500000000000e-01 2
522 6.562500000000000e-01 5.312500000000000e-01 2
524 5.937500000000000e-01 4.687500000000000e-01 2
541 5.312500000000000e-01 3.125000000000000e-02 2
544 9.687500000000000e-01 5.312500000000000e-01 2
249
149 293 85
88 152 296
304 96 160
97 161 305
166 310 102
313 105 169
112 176 320
321 113 177
184 328 113
85 185 329
190 334 116
88 191 335
344 124 200
345 125 201
205 350 103
102 208 353
133 214 359
134 215 360
152 366 48
367 29 185
142 222 377
378 134 223
161 379 57
386 116 226
166 387 61
396 142 231
176 397 66
29 367 235
200 405 78
201 406 79
245 413 85
293 169 85
248 416 88
296 244 88
258 48 366
259 421 96
260 79 406
305 177 97
16 205 426
310 248 102
263 428 105
313 214 105
13 223 435
320 190 112
29 235 436
267 29 436
32 191 439
270 32 439
24 231 447
281 24 447
282 78 405
283 448 125
41 208 450
13 226 457
359 215 133
29 267 458
360 149 134
48 258 464
288 465 138
32 270 470
377 160 142
29 458 149
85 329 149
479 96 152
88 335 152
32 470 160
96 479 160
487 112 161
488 37 161
493 133 166
102 353 166
495 85 169
105 388 169
502 124 176
112 487 176
503 97 177
113 328 177
48 464 183
507 70 184
85 413 185
13 435 190
116 386 190
510 116 191
88 416 191
516 125 200
124 502 200
37 488 201
125 516 201
521 102 205
522 81 205
102 521 208
525 105 214
133 493 214
13 457 215
134 378 215
142 396 222
57 379 223
529 57 223
61 387 226
116 510 226
66 397 231
533 66 231
70 507 235
138 465 235
81 522 240
539 88 244
84 494 244
85 495 245
16 426 248
88 539 248
541 138 249
544 137 258
96 421 258
96 304 259
97 503 260
41 450 263
105 525 263
57 529 267
113 321 267
66 533 270
116 334 270
124 344 281
125 448 282
125 345 283
138 541 288
45 169 293
149 45 293
48 244 296
152 48 296
56 259 304
160 56 304
57 177 305
161 57 305
61 248 310
166 61 310
45 214 313
169 45 313
66 190 320
176 66 320
57 267 321
177 57 321
25 177 328
184 25 328
29 149 329
185 29 329
66 270 334
190 66 334
32 152 335
191 32 335
78 281 344
200 78 344
79 283 345
201 79 345
16 167 350
205 16 350
41 166 353
208 41 353
45 215 359
214 45 359
45 149 360
215 45 360
96 258 366
152 96 366
138 235 367
185 138 367
56 160 377
222 56 377
13 215 378
223 13 378
112 223 379
161 112 379
13 190 386
226 13 386
133 226 387
166 133 387
24 222 396
231 24 396
124 231 397
176 124 397
125 282 405
200 125 405
97 260 406
201 97 406
244 48 412
49 185 413
61 191 416
248 61 416
8 258 421
259 8 421
102 248 426
205 102 426
112 190 435
223 112 435
113 267 436
235 113 436
116 270 439
191 116 439
124 281 447
231 124 447
2 282 448
283 2 448
127 263 450
208 127 450
133 215 457
226 133 457
134 149 458
267 134 458
258 137 464
70 235 465
288 70 465
138 185 466
142 160 470
270 142 470
32 160 479
152 32 479
37 176 487
161 37 487
97 201 488
161 97 488
41 214 493
166 41 493
16 244 494
167 16 494
169 17 495
37 200 502
176 37 502
25 260 503
177 25 503
113 235 507
184 113 507
61 226 510
191 61 510
37 201 516
200 37 516
81 208 521
205 81 521
205 103 522
208 81 524
41 263 525
214 41 525
134 267 529
223 134 529
142 270 533
231 142 533
16 248 539
244 16 539
9 288 541
8 287 544
258 8 544
17
260 79 2
281 24 2
282 78 2
70 184 2
56 259 2
184 25 2
78 281 2
79 283 2
222 56 2
24 222 2
259 8 2
2 282 2
283 2 2
288 70 2
25 260 2
9 288 2
8 287 2
