138 19
3 1.000000000000000e+00 1.000000000000000e+00 1
7 5.000000000000000e-01 1.000000000000000e+00 1
12 7.500000000000000e-01 7.500000000000000e-01 1
15 5.000000000000000e-01 7.500000000000000e-01 1
22 7.500000000000000e-01 1.000000000000000e+00 1
23 1.000000000000000e+00 7.500000000000000e-01 1
28 8.750000000000000e-01 6.250000000000000e-01 1
31 6.250000000000000e-01 8.750000000000000e-01 1
36 8.750000000000000e-01 8.750000000000000e-01 1
40 6.250000000000000e-01 6.250000000000000e-01 1
44 7.500000000000000e-01 6.250000000000000e-01 1
47 5.000000000000000e-01 8.750000000000000e-01 2
54 6.250000000000000e-01 1.000000000000000e+00 1
55 8.750000000000000e-01 7.500000000000000e-01 1
60 6.250000000000000e-01 7.500000000000000e-01 1
65 7.500000000000000e-01 8.750000000000000e-01 1
69 1.000000000000000e+00 6.250000000000000e-01 1
76 8.750000000000000e-01 1.000000000000000e+00 1
77 1.000000000000000e+00 8.750000000000000e-01 1
80 5.000000000000000e-01 6.250000000000000e-01 2
83 4.375000000000000e-01 8.125000000000000e-01 2
84 8.125000000000000e-01 5.625000000000000e-01 2
87 5.625000000000000e-01 8.125000000000000e-01 1
94 5.625000000000000e-01 9.375000000000000e-01 1
95 9.375000000000000e-01 8.125000000000000e-01 1
100 5.625000000000000e-01 6.875000000000000e-01 1
101 4.375000000000000e-01 6.875000000000000e-01 2
103 6.875000000000000e-01 5.625000000000000e-01 2
110 8.125000000000000e-01 8.125000000000000e-01 1
111 9.375000000000000e-01 6.875000000000000e-01 1
115 6.875000000000000e-01 8.125000000000000e-01 1
122 8.125000000000000e-01 9.375000000000000e-01 1
123 9.375000000000000e-01 9.375000000000000e-01 1
131 6.875000000000000e-01 6.875000000000000e-01 1
132 8.125000000000000e-01 6.875000000000000e-01 1
137 9.375000000000000e-01 5.625000000000000e-01 2
141 6.875000000000000e-01 9.375000000000000e-01 1
145 5.625000000000000e-01 5.625000000000000e-01 2
148 8.125000000000000e-01 6.250000000000000e-01 1
151 5.625000000000000e-01 8.750000000000000e-01 1
158 6.250000000000000e-01 9.375000000000000e-01 1
159 8.750000000000000e-01 8.125000000000000e-01 1
164 6.250000000000000e-01 6.875000000000000e-01 1
165 4.375000000000000e-01 7.500000000000000e-01 2
167 7.500000000000000e-01 5.625000000000000e-01 2
174 8.125000000000000e-01 8.750000000000000e-01 1
175 9.375000000000000e-01 7.500000000000000e-01 1
182 1.000000000000000e+00 6.875000000000000e-01 1
183 8.750000000000000e-01 5.625000000000000e-01 2
188 7.500000000000000e-01 8.125000000000000e-01 1
189 6.250000000000000e-01 8.125000000000000e-01 1
198 8.750000000000000e-01 9.375000000000000e-01 1
199 9.375000000000000e-01 8.750000000000000e-01 1
202 5.000000000000000e-01 6.875000000000000e-01 1
206 5.625000000000000e-01 6.250000000000000e-01 1
212 6.875000000000000e-01 6.250000000000000e-01 1
213 7.500000000000000e-01 6.875000000000000e-01 1
220 6.875000000000000e-01 1.000000000000000e+00 1
221 8.125000000000000e-01 7.500000000000000e-01 1
225 6.875000000000000e-01 7.500000000000000e-01 1
230 7.500000000000000e-01 9.375000000000000e-01 1
234 9.375000000000000e-01 6.250000000000000e-01 1
240 6.250000000000000e-01 5.625000000000000e-01 2
243 5.000000000000000e-01 8.125000000000000e-01 1
247 5.625000000000000e-01 7.500000000000000e-01 1
255 5.000000000000000e-01 9.375000000000000e-01 2
256 5.625000000000000e-01 1.000000000000000e+00 1
257 1.000000000000000e+00 8.125000000000000e-01 1
266 8.750000000000000e-01 6.875000000000000e-01 1
269 6.875000000000000e-01 8.750000000000000e-01 1
278 8.125000000000000e-01 1.000000000000000e+00 1
279 9.375000000000000e-01 1.000000000000000e+00 1
280 1.000000000000000e+00 9.375000000000000e-01 1
287 1.000000000000000e+00 5.625000000000000e-01 2
292 7.812500000000000e-01 5.937500000000000e-01 1
295 5.312500000000000e-01 8.437500000000000e-01 1
302 5.937500000000000e-01 9.687500000000000e-01 1
303 9.062500000000000e-01 7.812500000000000e-01 1
308 5.937500000000000e-01 7.187500000000000e-01 1
309 4.062500000000000e-01 7.187500000000000e-01 2
311 7.187500000000000e-01 5.937500000000000e-01 1
318 7.812500000000000e-01 8.437500000000000e-01 1
319 9.062500000000000e-01 7.187500000000000e-01 1
326 9.687500000000000e-01 7.187500000000000e-01 1
327 8.437500000000000e-01 5.937500000000000e-01 1
332 7.187500000000000e-01 8.437500000000000e-01 1
333 5.937500000000000e-01 8.437500000000000e-01 1
342 8.437500000000000e-01 9.687500000000000e-01 1
343 9.687500000000000e-01 9.062500000000000e-01 1
346 4.687500000000000e-01 7.187500000000000e-01 1
351 5.937500000000000e-01 6.562500000000000e-01 1
357 7.187500000000000e-01 6.562500000000000e-01 1
358 7.812500000000000e-01 6.562500000000000e-01 1
364 5.312500000000000e-01 9.062500000000000e-01 1
365 9.062500000000000e-01 5.937500000000000e-01 1
374 6.562500000000000e-01 9.687500000000000e-01 1
375 7.812500000000000e-01 7.187500000000000e-01 1
376 8.437500000000000e-01 7.812500000000000e-01 1
384 7.187500000000000e-01 7.812500000000000e-01 1
385 6.562500000000000e-01 7.187500000000000e-01 1
394 7.187500000000000e-01 9.687500000000000e-01 1
395 7.812500000000000e-01 9.062500000000000e-01 1
403 9.062500000000000e-01 9.687500000000000e-01 1
404 9.687500000000000e-01 8.437500000000000e-01 1
407 5.937500000000000e-01 5.937500000000000e-01 1
411 4.687500000000000e-01 8.437500000000000e-01 1
412 8.437500000000000e-01 5.312500000000000e-01 2
415 5.937500000000000e-01 7.812500000000000e-01 1
420 5.312500000000000e-01 9.687500000000000e-01 1
424 5.312500000000000e-01 7.187500000000000e-01 1
427 6.562500000000000e-01 5.937500000000000e-01 1
433 7.812500000000000e-01 7.812500000000000e-01 1
434 9.062500000000000e-01 6.562500000000000e-01 1
438 6.562500000000000e-01 8.437500000000000e-01 1
445 7.812500000000000e-01 9.687500000000000e-01 1
446 9.687500000000000e-01 9.687500000000000e-01 1
455 7.187500000000000e-01 7.187500000000000e-01 1
456 8.437500000000000e-01 6.562500000000000e-01 1
463 9.687500000000000e-01 5.937500000000000e-01 1
469 6.562500000000000e-01 9.062500000000000e-01 1
476 5.312500000000000e-01 5.937500000000000e-01 1
478 5.937500000000000e-01 9.062500000000000e-01 1
485 8.437500000000000e-01 8.437500000000000e-01 1
486 9.062500000000000e-01 8.437500000000000e-01 1
491 6.562500000000000e-01 6.562500000000000e-01 1
492 4.687500000000000e-01 7.812500000000000e-01 1
500 8.437500000000000e-01 9.062500000000000e-01 1
501 9.687500000000000e-01 7.812500000000000e-01 1
506 9.687500000000000e-01 6.562500000000000e-01 1
509 6.562500000000000e-01 7.812500000000000e-01 1
515 9.062500000000000e-01 9.062500000000000e-01 1
517 5.312500000000000e-01 6.562500000000000e-01 1
518 4.687500000000000e-01 6.562500000000000e-01 1
528 8.437500000000000e-01 7.187500000000000e-01 1
532 7.187500000000000e-01 9.062500000000000e-01 1
536 5.937500000000000e-01 5.312500000000000e-01 2
538 5.312500000000000e-01 7.812500000000000e-01 1
543 4.687500000000000e-01 9.687500000000000e-01 2
43 3.750000000000000e-01 7.500000000000000e-01 2
48 8.750000000000000e-01 5.000000000000000e-01 2
81 6.250000000000000e-01 5.000000000000000e-01 3
136 4.375000000000000e-01 9.375000000000000e-01 2
181 4.375000000000000e-01 8.750000000000000e-01 2
210 3.750000000000000e-01 6.875000000000000e-01 2
238 4.375000000000000e-01 6.250000000000000e-01 3
239 5.625000000000000e-01 5.000000000000000e-01 2
244 8.125000000000000e-01 5.000000000000000e-01 2
286 4.375000000000000e-01 1.000000000000000e+00 2
289 5.000000000000000e-01 5.625000000000000e-01 2
291 4.062500000000000e-01 7.812500000000000e-01 2
350 7.187500000000000e-01 5.312500000000000e-01 2
462 4.687500000000000e-01 9.062500000000000e-01 2
464 9.062500000000000e-01 5.312500000000000e-01 2
471 4.687500000000000e-01 5.937500000000000e-01 2
494 7.812500000000000e-01 5.312500000000000e-01 2
522 6.562500000000000e-01 5.312500000000000e-01 2
544 9.687500000000000e-01 5.312500000000000e-01 2
120 37
3 1.000000000000000e+00 1.000000000000000e+00 1
7 5.000000000000000e-01 1.000000000000000e+00 1
12 7.500000000000000e-01 7.500000000000000e-01 1
15 5.000000000000000e-01 7.500000000000000e-01 1
22 7.500000000000000e-01 1.000000000000000e+00 1
23 1.000000000000000e+00 7.500000000000000e-01 1
28 8.750000000000000e-01 6.250000000000000e-01 1
31 6.250000000000000e-01 8.750000000000000e-01 1
36 8.750000000000000e-01 8.750000000000000e-01 1
40 6.250000000000000e-01 6.250000000000000e-01 1
44 7.500000000000000e-01 6.250000000000000e-01 1
54 6.250000000000000e-01 1.000000000000000e+00 1
55 8.750000000000000e-01 7.500000000000000e-01 1
60 6.250000000000000e-01 7.500000000000000e-01 1
65 7.500000000000000e-01 8.750000000000000e-01 1
69 1.000000000000000e+00 6.250000000000000e-01 1
76 8.750000000000000e-01 1.000000000000000e+00 1
77 1.000000000000000e+00 8.750000000000000e-01 1
87 5.625000000000000e-01 8.125000000000000e-01 1
94 5.625000000000000e-01 9.375000000000000e-01 1
95 9.375000000000000e-01 8.125000000000000e-01 1
100 5.625000000000000e-01 6.875000000000000e-01 1
110 8.125000000000000e-01 8.125000000000000e-01 1
111 9.375000000000000e-01 6.875000000000000e-01 1
115 6.875000000000000e-01 8.125000000000000e-01 1
122 8.125000000000000e-01 9.375000000000000e-01 1
123 9.375000000000000e-01 9.375000000000000e-01 1
131 6.875000000000000e-01 6.875000000000000e-01 1
132 8.125000000000000e-01 6.875000000000000e-01 1
141 6.875000000000000e-01 9.375000000000000e-01 1
148 8.125000000000000e-01 6.250000000000000e-01 1
151 5.625000000000000e-01 8.750000000000000e-01 1
158 6.250000000000000e-01 9.375000000000000e-01 1
159 8.750000000000000e-01 8.125000000000000e-01 1
164 6.250000000000000e-01 6.875000000000000e-01 1
174 8.125000000000000e-01 8.750000000000000e-01 1
175 9.375000000000000e-01 7.500000000000000e-01 1
182 1.000000000000000e+00 6.875000000000000e-01 1
188 7.500000000000000e-01 8.125000000000000e-01 1
189 6.250000000000000e-01 8.125000000000000e-01 1
198 8.750000000000000e-01 9.375000000000000e-01 1
199 9.375000000000000e-01 8.750000000000000e-01 1
202 5.000000000000000e-01 6.875000000000000e-01 1
206 5.625000000000000e-01 6.250000000000000e-01 1
212 6.875000000000000e-01 6.250000000000000e-01 1
213 7.500000000000000e-01 6.875000000000000e-01 1
220 6.875000000000000e-01 1.000000000000000e+00 1
221 8.125000000000000e-01 7.500000000000000e-01 1
225 6.875000000000000e-01 7.500000000000000e-01 1
230 7.500000000000000e-01 9.375000000000000e-01 1
234 9.375000000000000e-01 6.250000000000000e-01 1
243 5.000000000000000e-01 8.125000000000000e-01 1
247 5.625000000000000e-01 7.500000000000000e-01 1
256 5.625000000000000e-01 1.000000000000000e+00 1
257 1.000000000000000e+00 8.125000000000000e-01 1
266 8.750000000000000e-01 6.875000000000000e-01 1
269 6.875000000000000e-01 8.750000000000000e-01 1
278 8.125000000000000e-01 1.000000000000000e+00 1
279 9.375000000000000e-01 1.000000000000000e+00 1
280 1.000000000000000e+00 9.375000000000000e-01 1
292 7.812500000000000e-01 5.937500000000000e-01 1
295 5.312500000000000e-01 8.437500000000000e-01 1
302 5.937500000000000e-01 9.687500000000000e-01 1
303 9.062500000000000e-01 7.812500000000000e-01 1
308 5.937500000000000e-01 7.187500000000000e-01 1
311 7.187500000000000e-01 5.937500000000000e-01 1
318 7.812500000000000e-01 8.437500000000000e-01 1
319 9.062500000000000e-01 7.187500000000000e-01 1
326 9.687500000000000e-01 7.187500000000000e-01 1
327 8.437500000000000e-01 5.937500000000000e-01 1
332 7.187500000000000e-01 8.437500000000000e-01 1
333 5.937500000000000e-01 8.437500000000000e-01 1
342 8.437500000000000e-01 9.687500000000000e-01 1
343 9.687500000000000e-01 9.062500000000000e-01 1
346 4.687500000000000e-01 7.187500000000000e-01 1
351 5.937500000000000e-01 6.562500000000000e-01 1
357 7.187500000000000e-01 6.562500000000000e-01 1
358 7.812500000000000e-01 6.562500000000000e-01 1
364 5.312500000000000e-01 9.062500000000000e-01 1
365 9.062500000000000e-01 5.937500000000000e-01 1
374 6.562500000000000e-01 9.687500000000000e-01 1
375 7.812500000000000e-01 7.187500000000000e-01 1
376 8.437500000000000e-01 7.812500000000000e-01 1
384 7.187500000000000e-01 7.812500000000000e-01 1
385 6.562500000000000e-01 7.187500000000000e-01 1
394 7.187500000000000e-01 9.687500000000000e-01 1
395 7.812500000000000e-01 9.062500000000000e-01 1
403 9.062500000000000e-01 9.687500000000000e-01 1
404 9.687500000000000e-01 8.437500000000000e-01 1
407 5.937500000000000e-01 5.937500000000000e-01 1
411 4.687500000000000e-01 8.437500000000000e-01 1
415 5.937500000000000e-01 7.812500000000000e-01 1
420 5.312500000000000e-01 9.687500000000000e-01 1
424 5.312500000000000e-01 7.187500000000000e-01 1
427 6.562500000000000e-01 5.937500000000000e-01 1
433 7.812500000000000e-01 7.812500000000000e-01 1
434 9.062500000000000e-01 6.562500000000000e-01 1
438 6.562500000000000e-01 8.437500000000000e-01 1
445 7.812500000000000e-01 9.687500000000000e-01 1
446 9.687500000000000e-01 9.687500000000000e-01 1
455 7.187500000000000e-01 7.187500000000000e-01 1
456 8.437500000000000e-01 6.562500000000000e-01 1
463 9.687500000000000e-01 5.937500000000000e-01 1
469 6.562500000000000e-01 9.062500000000000e-01 1
476 5.312500000000000e-01 5.937500000000000e-01 1
478 5.937500000000000e-01 9.062500000000000e-01 1
485 8.437500000000000e-01 8.437500000000000e-01 1
486 9.062500000000000e-01 8.437500000000000e-01 1
491 6.562500000000000e-01 6.562500000000000e-01 1
492 4.687500000000000e-01 7.812500000000000e-01 1
500 8.437500000000000e-01 9.062500000000000e-01 1
501 9.687500000000000e-01 7.812500000000000e-01 1
506 9.687500000000000e-01 6.562500000000000e-01 1
509 6.562500000000000e-01 7.812500000000000e-01 1
515 9.062500000000000e-01 9.062500000000000e-01 1
517 5.312500000000000e-01 6.562500000000000e-01 1
518 4.687500000000000e-01 6.562500000000000e-01 1
528 8.437500000000000e-01 7.187500000000000e-01 1
532 7.187500000000000e-01 9.062500000000000e-01 1
538 5.312500000000000e-01 7.812500000000000e-01 1
43 3.750000000000000e-01 7.500000000000000e-01 2
47 5.000000000000000e-01 8.750000000000000e-01 2
48 8.750000000000000e-01 5.000000000000000e-01 2
80 5.000000000000000e-01 6.250000000000000e-01 2
81 6.250000000000000e-01 5.000000000000000e-01 3
83 4.375000000000000e-01 8.125000000000000e-01 2
84 8.125000000000000e-01 5.625000000000000e-01 2
101 4.375000000000000e-01 6.875000000000000e-01 2
103 6.875000000000000e-01 5.625000000000000e-01 2
136 4.375000000000000e-01 9.375000000000000e-01 2
137 9.375000000000000e-01 5.625000000000000e-01 2
145 5.625000000000000e-01 5.625000000000000e-01 2
165 4.375000000000000e-01 7.500000000000000e-01 2
167 7.500000000000000e-01 5.625000000000000e-01 2
181 4.375000000000000e-01 8.750000000000000e-01 2
183 8.750000000000000e-01 5.625000000000000e-01 2
210 3.750000000000000e-01 6.875000000000000e-01 2
238 4.375000000000000e-01 6.250000000000000e-01 3
239 5.625000000000000e-01 5.000000000000000e-01 2
240 6.250000000000000e-01 5.625000000000000e-01 2
244 8.125000000000000e-01 5.000000000000000e-01 2
255 5.000000000000000e-01 9.375000000000000e-01 2
286 4.375000000000000e-01 1.000000000000000e+00 2
287 1.000000000000000e+00 5.625000000000000e-01 2
289 5.000000000000000e-01 5.625000000000000e-01 2
291 4.062500000000000e-01 7.812500000000000e-01 2
309 4.062500000000000e-01 7.187500000000000e-01 2
350 7.187500000000000e-01 5.312500000000000e-01 2
412 8.437500000000000e-01 5.312500000000000e-01 2
462 4.687500000000000e-01 9.062500000000000e-01 2
464 9.062500000000000e-01 5.312500000000000e-01 2
471 4.687500000000000e-01 5.937500000000000e-01 2
494 7.812500000000000e-01 5.312500000000000e-01 2
522 6.562500000000000e-01 5.312500000000000e-01 2
536 5.937500000000000e-01 5.312500000000000e-01 2
543 4.687500000000000e-01 9.687500000000000e-01 2
544 9.687500000000000e-01 5.312500000000000e-01 2
260
148 292 84
87 151 295
302 94 158
95 159 303
164 308 100
309 101 165
311 103 167
110 174 318
319 111 175
182 326 111
84 183 327
188 332 115
87 189 333
342 122 198
343 123 199
202 346 101
100 206 351
131 212 357
132 213 358
151 364 47
365 28 183
141 220 374
375 132 221
159 376 55
384 115 225
164 385 60
394 141 230
174 395 65
28 365 234
198 403 76
199 404 77
407 40 206
40 407 240
243 411 83
291 165 83
244 412 84
292 167 84
247 415 87
295 243 87
255 47 364
256 420 94
257 77 404
303 175 95
15 202 424
308 247 100
309 210 101
40 240 427
311 212 103
12 221 433
318 188 110
28 234 434
266 28 434
31 189 438
269 31 438
22 230 445
278 22 445
279 76 403
280 446 123
12 225 455
357 213 131
28 266 456
358 148 132
47 255 462
287 463 137
31 269 469
374 158 141
80 289 476
28 456 148
84 327 148
478 94 151
87 333 151
31 469 158
94 478 158
485 110 159
486 36 159
491 131 164
100 351 164
492 83 165
101 346 165
494 84 167
103 350 167
500 122 174
110 485 174
501 95 175
111 326 175
83 411 181
506 69 182
84 412 183
12 433 188
115 384 188
509 115 189
87 415 189
515 123 198
122 500 198
36 486 199
123 515 199
517 100 202
518 80 202
80 476 206
100 517 206
40 427 212
131 491 212
12 455 213
132 375 213
141 394 220
55 376 221
528 55 221
60 385 225
115 509 225
65 395 230
532 65 230
69 506 234
137 463 234
80 518 238
536 145 239
145 536 240
538 87 243
83 492 243
15 424 247
87 538 247
543 136 255
94 420 255
94 302 256
95 501 257
55 528 266
111 319 266
65 532 269
115 332 269
122 342 278
123 446 279
123 343 280
137 544 287
44 167 292
148 44 292
47 243 295
151 47 295
54 256 302
158 54 302
55 175 303
159 55 303
60 247 308
164 60 308
165 43 309
44 212 311
167 44 311
65 188 318
174 65 318
55 266 319
175 55 319
23 175 326
182 23 326
28 148 327
183 28 327
65 269 332
188 65 332
31 151 333
189 31 333
76 278 342
198 76 342
77 280 343
199 77 343
15 165 346
202 15 346
40 164 351
206 40 351
44 213 357
212 44 357
44 148 358
213 44 358
94 255 364
151 94 364
137 234 365
183 137 365
54 158 374
220 54 374
12 213 375
221 12 375
110 221 376
159 110 376
12 188 384
225 12 384
131 225 385
164 131 385
22 220 394
230 22 394
122 230 395
174 122 395
123 279 403
198 123 403
95 257 404
199 95 404
145 240 407
206 145 407
47 181 411
243 47 411
48 183 412
60 189 415
247 60 415
7 255 420
256 7 420
100 247 424
202 100 424
103 212 427
240 103 427
110 188 433
221 110 433
111 266 434
234 111 434
115 269 438
189 115 438
122 278 445
230 122 445
3 279 446
280 3 446
131 213 455
225 131 455
132 148 456
266 132 456
69 234 463
287 69 463
137 183 464
141 158 469
269 141 469
80 238 471
145 206 476
289 145 476
31 158 478
151 31 478
36 174 485
159 36 485
95 199 486
159 95 486
40 212 491
164 40 491
15 243 492
165 15 492
36 198 500
174 36 500
23 257 501
175 23 501
111 234 506
182 111 506
60 225 509
189 60 509
36 199 515
198 36 515
80 206 517
202 80 517
101 238 518
202 101 518
103 240 522
132 266 528
221 132 528
141 269 532
230 141 532
81 240 536
15 247 538
243 15 538
7 286 543
255 7 543
16
257 77 2
278 22 2
279 76 2
69 182 2
54 256 2
182 23 2
76 278 2
77 280 2
220 54 2
22 220 2
256 7 2
3 279 2
280 3 2
287 69 2
23 257 2
7 286 2
