6 6
3 1.000000000000000e+00 1.000000000000000e+00 1
5 5.000000000000000e-01 5.000000000000000e-01 3
13 7.500000000000000e-01 7.500000000000000e-01 2
19 5.000000000000000e-01 7.500000000000000e-01 2
23 7.500000000000000e-01 5.000000000000000e-01 2
25 7.500000000000000e-01 1.000000000000000e+00 1
9 5.000000000000000e-01 1.000000000000000e+00 2
10 2.500000000000000e-01 2.500000000000000e-01 3
11 2.500000000000000e-01 7.500000000000000e-01 2
12 7.500000000000000e-01 2.500000000000000e-01 3
17 5.000000000000000e-01 2.500000000000000e-01 2
24 1.000000000000000e+00 7.500000000000000e-01 2
2 10
3 1.000000000000000e+00 1.000000000000000e+00 1
25 7.500000000000000e-01 1.000000000000000e+00 1
5 5.000000000000000e-01 5.000000000000000e-01 3
9 5.000000000000000e-01 1.000000000000000e+00 2
10 2.500000000000000e-01 2.500000000000000e-01 3
11 2.500000000000000e-01 7.500000000000000e-01 2
12 7.500000000000000e-01 2.500000000000000e-01 3
13 7.500000000000000e-01 7.500000000000000e-01 2
17 5.000000000000000e-01 2.500000000000000e-01 2
19 5.000000000000000e-01 7.500000000000000e-01 2
23 7.500000000000000e-01 5.000000000000000e-01 2
24 1.000000000000000e+00 7.500000000000000e-01 2
9
23 13 5
5 10 17
5 12 23
19 13 9
25 9 13
24 3 13
5 13 19
11 5 19
13 3 25
3
25 9 2
24 3 2
3 25 2
