6 3
2 1.000000000000000e+00 0.000000000000000e+00 1
8 1.000000000000000e+00 5.000000000000000e-01 1
12 7.500000000000000e-01 2.500000000000000e-01 3
21 7.500000000000000e-01 0.000000000000000e+00 1
22 1.000000000000000e+00 2.500000000000000e-01 1
24 1.000000000000000e+00 7.500000000000000e-01 2
7 5.000000000000000e-01 0.000000000000000e+00 2
13 7.500000000000000e-01 7.500000000000000e-01 2
23 7.500000000000000e-01 5.000000000000000e-01 2
4 5
2 1.000000000000000e+00 0.000000000000000e+00 1
8 1.000000000000000e+00 5.000000000000000e-01 1
21 7.500000000000000e-01 0.000000000000000e+00 1
22 1.000000000000000e+00 2.500000000000000e-01 1
7 5.000000000000000e-01 0.000000000000000e+00 2
12 7.500000000000000e-01 2.500000000000000e-01 3
13 7.500000000000000e-01 7.500000000000000e-01 2
23 7.500000000000000e-01 5.000000000000000e-01 2
24 1.000000000000000e+00 7.500000000000000e-01 2
7
22 8 12
21 2 12
12 7 21
12 2 22
8 13 23
12 8 23
13 8 24
5
22 8 2
21 2 2
7 21 2
2 22 2
8 24 2
