7 3
4 0.000000000000000e+00 1.000000000000000e+00 1
9 5.000000000000000e-01 1.000000000000000e+00 2
10 2.500000000000000e-01 2.500000000000000e-01 3
11 2.500000000000000e-01 7.500000000000000e-01 2
14 2.500000000000000e-01 5.000000000000000e-01 1
18 0.000000000000000e+00 7.500000000000000e-01 1
20 2.500000000000000e-01 1.000000000000000e+00 1
5 5.000000000000000e-01 5.000000000000000e-01 3
6 0.000000000000000e+00 5.000000000000000e-01 2
19 5.000000000000000e-01 7.500000000000000e-01 2
4 6
4 0.000000000000000e+00 1.000000000000000e+00 1
14 2.500000000000000e-01 5.000000000000000e-01 1
18 0.000000000000000e+00 7.500000000000000e-01 1
20 2.500000000000000e-01 1.000000000000000e+00 1
5 5.000000000000000e-01 5.000000000000000e-01 3
6 0.000000000000000e+00 5.000000000000000e-01 2
9 5.000000000000000e-01 1.000000000000000e+00 2
10 2.500000000000000e-01 2.500000000000000e-01 3
11 2.500000000000000e-01 7.500000000000000e-01 2
19 5.000000000000000e-01 7.500000000000000e-01 2
9
6 10 14
11 20 4
11 18 6
19 9 11
6 14 11
5 11 14
10 5 14
11 4 18
11 9 20
4
20 4 2
18 6 2
4 18 2
9 20 2
