6 3
1 0.000000000000000e+00 0.000000000000000e+00 1
6 0.000000000000000e+00 5.000000000000000e-01 2
7 5.000000000000000e-01 0.000000000000000e+00 2
15 0.000000000000000e+00 2.500000000000000e-01 1
16 2.500000000000000e-01 0.000000000000000e+00 1
17 5.000000000000000e-01 2.500000000000000e-01 2
5 5.000000000000000e-01 5.000000000000000e-01 3
10 2.500000000000000e-01 2.500000000000000e-01 3
12 7.500000000000000e-01 2.500000000000000e-01 3
3 6
1 0.000000000000000e+00 0.000000000000000e+00 1
15 0.000000000000000e+00 2.500000000000000e-01 1
16 2.500000000000000e-01 0.000000000000000e+00 1
5 5.000000000000000e-01 5.000000000000000e-01 3
6 0.000000000000000e+00 5.000000000000000e-01 2
7 5.000000000000000e-01 0.000000000000000e+00 2
10 2.500000000000000e-01 2.500000000000000e-01 3
12 7.500000000000000e-01 2.500000000000000e-01 3
17 5.000000000000000e-01 2.500000000000000e-01 2
7
17 12 5
16 7 10
15 1 10
10 6 15
10 1 16
7 12 17
10 7 17
4
16 7 2
15 1 2
6 15 2
1 16 2
